time	V(n003)	V(n006)
0.000000000000000e+000	0.000000e+000	0.000000e+000
1.000000000000000e-006	0.000000e+000	0.000000e+000
1.000017187500000e-006	3.925187e-005	2.652673e-009
1.000051562500000e-006	1.565589e-004	1.268826e-008
1.000066836715665e-006	2.357357e-004	2.145594e-008
1.000086208290774e-006	3.728097e-004	4.050903e-008
1.000107425660192e-006	5.543303e-004	7.145901e-008
1.000128252058637e-006	7.649286e-004	1.150792e-007
1.000153024323586e-006	1.055022e-003	1.873710e-007
1.000181663355153e-006	1.438401e-003	3.022854e-007
1.000216989900440e-006	1.975226e-003	4.966183e-007
1.000259233675870e-006	2.698947e-003	8.153899e-007
1.000311934591582e-006	3.709649e-003	1.361699e-006
1.000376996363824e-006	5.094824e-003	2.290905e-006
1.000460252250234e-006	7.044956e-003	3.936139e-006
1.000567588426336e-006	9.784282e-003	6.891288e-006
1.000711518283145e-006	1.375068e-002	1.247060e-005
1.000909957294478e-006	1.961932e-002	2.348378e-005
1.001197756800632e-006	2.875798e-002	4.692579e-005
1.001631430936872e-006	4.369507e-002	1.004055e-004
1.002295429251680e-006	6.895108e-002	2.276694e-004
1.003263818435549e-006	1.103976e-001	5.204311e-004
1.004612184611790e-006	1.762222e-001	1.167086e-003
1.006466617840095e-006	2.800072e-001	2.574254e-003
1.008983643333781e-006	4.411622e-001	5.587480e-003
1.012479840181674e-006	6.951122e-001	1.214229e-002
1.017237989901640e-006	1.082435e+000	2.596311e-002
1.023699563434911e-006	1.663329e+000	5.422356e-002
1.031512063434911e-006	2.426760e+000	1.030249e-001
1.039324563434911e-006	3.238353e+000	1.660287e-001
1.042187500000000e-006	3.548804e+000	1.935628e-001
1.045826746260355e-006	3.956713e+000	2.335178e-001
1.046422925366018e-006	4.024608e+000	2.404835e-001
1.047019104471682e-006	4.092796e+000	2.475693e-001
1.047615283577346e-006	4.161280e+000	2.547753e-001
1.048211462683009e-006	4.230057e+000	2.621014e-001
1.048807641788673e-006	4.299129e+000	2.695477e-001
1.049403820894336e-006	4.368495e+000	2.771141e-001
1.050000000000000e-006	4.438156e+000	2.848007e-001
1.050075274459167e-006	4.446378e+000	2.857812e-001
1.050225823377501e-006	4.461961e+000	2.877469e-001
1.050526921214169e-006	4.490623e+000	2.916997e-001
1.051129116887504e-006	4.543442e+000	2.996848e-001
1.052333508234176e-006	4.640618e+000	3.159417e-001
1.054742290927519e-006	4.812715e+000	3.494373e-001
1.059559856314205e-006	5.102633e+000	4.192908e-001
1.067372356314205e-006	5.494818e+000	5.378414e-001
1.075184856314205e-006	5.834020e+000	6.616455e-001
1.082997356314205e-006	6.143860e+000	7.902967e-001
1.090809856314205e-006	6.439420e+000	9.231512e-001
1.098622356314205e-006	6.725712e+000	1.059823e+000
1.106434856314205e-006	7.004447e+000	1.200017e+000
1.122059856314204e-006	7.541419e+000	1.489948e+000
1.137684856314204e-006	8.052411e+000	1.791040e+000
1.153309856314204e-006	8.538395e+000	2.101544e+000
1.168934856314204e-006	9.000221e+000	2.419839e+000
1.184559856314204e-006	9.438720e+000	2.744421e+000
1.192372356314204e-006	9.649477e+000	2.908629e+000
1.200184856314204e-006	9.854710e+000	3.073895e+000
1.207997356314204e-006	1.005452e+001	3.240061e+000
1.215809856314204e-006	1.024900e+001	3.406975e+000
1.223622356314204e-006	1.043826e+001	3.574491e+000
1.231434856314204e-006	1.062239e+001	3.742471e+000
1.239247356314204e-006	1.080150e+001	3.910780e+000
1.247059856314204e-006	1.097567e+001	4.079290e+000
1.254872356314204e-006	1.114500e+001	4.247879e+000
1.262684856314204e-006	1.130960e+001	4.416428e+000
1.270497356314204e-006	1.146955e+001	4.584826e+000
1.278309856314204e-006	1.162495e+001	4.752964e+000
1.286122356314204e-006	1.177589e+001	4.920742e+000
1.293934856314204e-006	1.192246e+001	5.088060e+000
1.301747356314204e-006	1.206476e+001	5.254825e+000
1.309559856314204e-006	1.220286e+001	5.420949e+000
1.317372356314204e-006	1.233686e+001	5.586346e+000
1.325184856314204e-006	1.246685e+001	5.750937e+000
1.332997356314204e-006	1.259292e+001	5.914645e+000
1.340809856314204e-006	1.271514e+001	6.077397e+000
1.348622356314204e-006	1.283360e+001	6.239125e+000
1.356434856314204e-006	1.294839e+001	6.399765e+000
1.364247356314204e-006	1.305958e+001	6.559253e+000
1.372059856314204e-006	1.316727e+001	6.717533e+000
1.379872356314204e-006	1.327152e+001	6.874549e+000
1.387684856314204e-006	1.337241e+001	7.030251e+000
1.395497356314204e-006	1.347003e+001	7.184589e+000
1.403309856314204e-006	1.356445e+001	7.337519e+000
1.418934856314204e-006	1.374398e+001	7.638987e+000
1.434559856314204e-006	1.391159e+001	7.934349e+000
1.450184856314204e-006	1.406785e+001	8.223341e+000
1.465809856314204e-006	1.421331e+001	8.505738e+000
1.489247356314203e-006	1.441240e+001	8.916570e+000
1.512684856314203e-006	1.459011e+001	9.311654e+000
1.528309856314203e-006	1.469751e+001	9.566123e+000
1.543934856314203e-006	1.479659e+001	9.813374e+000
1.559559856314203e-006	1.488779e+001	1.005336e+001
1.575184856314203e-006	1.497155e+001	1.028607e+001
1.590809856314203e-006	1.504827e+001	1.051151e+001
1.598622356314203e-006	1.508411e+001	1.062150e+001
1.606434856314203e-006	1.511834e+001	1.072968e+001
1.614247356314203e-006	1.515101e+001	1.083606e+001
1.622059856314203e-006	1.518216e+001	1.094064e+001
1.629872356314203e-006	1.521183e+001	1.104343e+001
1.637684856314203e-006	1.524007e+001	1.114443e+001
1.645497356314203e-006	1.526692e+001	1.124367e+001
1.653309856314203e-006	1.529243e+001	1.134113e+001
1.661122356314203e-006	1.531663e+001	1.143685e+001
1.668934856314203e-006	1.533956e+001	1.153082e+001
1.676747356314203e-006	1.536128e+001	1.162306e+001
1.684559856314203e-006	1.538180e+001	1.171358e+001
1.692372356314203e-006	1.540117e+001	1.180240e+001
1.700184856314203e-006	1.541944e+001	1.188953e+001
1.707997356314203e-006	1.543662e+001	1.197499e+001
1.715809856314203e-006	1.545277e+001	1.205878e+001
1.731434856314203e-006	1.548207e+001	1.222144e+001
1.747059856314203e-006	1.550761e+001	1.237765e+001
1.762684856314203e-006	1.552963e+001	1.252753e+001
1.778309856314203e-006	1.554838e+001	1.267124e+001
1.801747356314203e-006	1.557087e+001	1.287553e+001
1.825184856314203e-006	1.558723e+001	1.306674e+001
1.848622356314202e-006	1.559812e+001	1.324539e+001
1.872059856314202e-006	1.560417e+001	1.341199e+001
1.894381284885631e-006	1.560504e+001	1.355884e+001
1.916702713457061e-006	1.560342e+001	1.369683e+001
1.939024142028489e-006	1.559933e+001	1.382597e+001
1.961345570599918e-006	1.559275e+001	1.394625e+001
1.983666999171347e-006	1.558370e+001	1.405768e+001
2.005988427742776e-006	1.557216e+001	1.416025e+001
2.028309856314205e-006	1.555815e+001	1.425397e+001
2.056211642028492e-006	1.553891e+001	1.436045e+001
2.084113427742778e-006	1.551885e+001	1.445808e+001
2.112015213457064e-006	1.549798e+001	1.454687e+001
2.139916999171351e-006	1.547631e+001	1.462682e+001
2.167818784885637e-006	1.545381e+001	1.469792e+001
2.195720570599924e-006	1.543051e+001	1.476018e+001
2.223622356314210e-006	1.540639e+001	1.481360e+001
2.248175927742782e-006	1.538572e+001	1.485583e+001
2.272729499171354e-006	1.536546e+001	1.489423e+001
2.297283070599926e-006	1.534562e+001	1.492879e+001
2.321836642028498e-006	1.532620e+001	1.495952e+001
2.346390213457070e-006	1.530720e+001	1.498641e+001
2.370943784885642e-006	1.528861e+001	1.500946e+001
2.395497356314214e-006	1.527044e+001	1.502868e+001
2.418934856314215e-006	1.525384e+001	1.504518e+001
2.442372356314215e-006	1.523783e+001	1.505936e+001
2.465809856314216e-006	1.522243e+001	1.507143e+001
2.489247356314216e-006	1.520765e+001	1.508157e+001
2.512684856314217e-006	1.519350e+001	1.508998e+001
2.528309856314217e-006	1.518443e+001	1.509470e+001
2.543934856314218e-006	1.517563e+001	1.509877e+001
2.559559856314218e-006	1.516711e+001	1.510223e+001
2.575184856314218e-006	1.515888e+001	1.510513e+001
2.590809856314219e-006	1.515093e+001	1.510750e+001
2.606434856314219e-006	1.514325e+001	1.510939e+001
2.614247356314219e-006	1.513951e+001	1.511016e+001
2.622059856314220e-006	1.513584e+001	1.511083e+001
2.629872356314220e-006	1.513224e+001	1.511139e+001
2.637684856314220e-006	1.512870e+001	1.511185e+001
2.645497356314220e-006	1.512523e+001	1.511221e+001
2.653309856314220e-006	1.512183e+001	1.511249e+001
2.661122356314220e-006	1.511849e+001	1.511267e+001
2.668934856314221e-006	1.511522e+001	1.511277e+001
2.676747356314221e-006	1.511201e+001	1.511279e+001
2.684559856314221e-006	1.510886e+001	1.511274e+001
2.692372356314221e-006	1.510578e+001	1.511261e+001
2.700184856314221e-006	1.510276e+001	1.511240e+001
2.707997356314222e-006	1.509980e+001	1.511213e+001
2.715809856314222e-006	1.509690e+001	1.511180e+001
2.723622356314222e-006	1.509406e+001	1.511141e+001
2.731434856314222e-006	1.509129e+001	1.511096e+001
2.739247356314222e-006	1.508857e+001	1.511045e+001
2.747059856314223e-006	1.508590e+001	1.510989e+001
2.754872356314223e-006	1.508330e+001	1.510928e+001
2.762684856314223e-006	1.508075e+001	1.510862e+001
2.770497356314223e-006	1.507826e+001	1.510792e+001
2.778309856314223e-006	1.507582e+001	1.510717e+001
2.786122356314224e-006	1.507344e+001	1.510638e+001
2.793934856314224e-006	1.507111e+001	1.510556e+001
2.801747356314224e-006	1.506884e+001	1.510470e+001
2.809559856314224e-006	1.506661e+001	1.510381e+001
2.817372356314224e-006	1.506444e+001	1.510288e+001
2.825184856314224e-006	1.506232e+001	1.510193e+001
2.840809856314225e-006	1.505823e+001	1.509994e+001
2.856434856314225e-006	1.505433e+001	1.509786e+001
2.872059856314226e-006	1.505061e+001	1.509569e+001
2.887684856314226e-006	1.504708e+001	1.509345e+001
2.903309856314226e-006	1.504373e+001	1.509116e+001
2.918934856314227e-006	1.504054e+001	1.508882e+001
2.926747356314227e-006	1.503901e+001	1.508764e+001
2.934559856314227e-006	1.503751e+001	1.508644e+001
2.942372356314227e-006	1.503606e+001	1.508524e+001
2.950184856314228e-006	1.503465e+001	1.508404e+001
2.957997356314228e-006	1.503327e+001	1.508283e+001
2.965809856314228e-006	1.503193e+001	1.508162e+001
2.973622356314228e-006	1.503063e+001	1.508040e+001
2.981434856314228e-006	1.502936e+001	1.507918e+001
2.989247356314228e-006	1.502813e+001	1.507797e+001
2.997059856314229e-006	1.502693e+001	1.507675e+001
3.004872356314229e-006	1.502577e+001	1.507553e+001
3.012684856314229e-006	1.502464e+001	1.507432e+001
3.020497356314229e-006	1.502354e+001	1.507310e+001
3.028309856314229e-006	1.502248e+001	1.507189e+001
3.036122356314230e-006	1.502144e+001	1.507069e+001
3.043934856314230e-006	1.502044e+001	1.506948e+001
3.051747356314230e-006	1.501946e+001	1.506829e+001
3.059559856314230e-006	1.501852e+001	1.506710e+001
3.067372356314230e-006	1.501760e+001	1.506591e+001
3.075184856314231e-006	1.501671e+001	1.506474e+001
3.082997356314231e-006	1.501585e+001	1.506357e+001
3.090809856314231e-006	1.501501e+001	1.506240e+001
3.098622356314231e-006	1.501420e+001	1.506125e+001
3.106434856314231e-006	1.501342e+001	1.506010e+001
3.114247356314232e-006	1.501266e+001	1.505897e+001
3.122059856314232e-006	1.501193e+001	1.505784e+001
3.129872356314232e-006	1.501122e+001	1.505672e+001
3.137684856314232e-006	1.501053e+001	1.505562e+001
3.145497356314232e-006	1.500986e+001	1.505452e+001
3.161122356314233e-006	1.500860e+001	1.505236e+001
3.176747356314233e-006	1.500742e+001	1.505024e+001
3.192372356314233e-006	1.500632e+001	1.504817e+001
3.207997356314234e-006	1.500530e+001	1.504615e+001
3.231434856314234e-006	1.500390e+001	1.504321e+001
3.254872356314235e-006	1.500266e+001	1.504039e+001
3.278309856314235e-006	1.500155e+001	1.503768e+001
3.301747356314236e-006	1.500057e+001	1.503509e+001
3.325184856314237e-006	1.499973e+001	1.503262e+001
3.348622356314237e-006	1.499898e+001	1.503027e+001
3.372059856314238e-006	1.499832e+001	1.502803e+001
3.395497356314238e-006	1.499774e+001	1.502590e+001
3.418934856314239e-006	1.499725e+001	1.502389e+001
3.442372356314239e-006	1.499685e+001	1.502199e+001
3.465809856314240e-006	1.499654e+001	1.502021e+001
3.493711642028527e-006	1.499624e+001	1.501823e+001
3.521613427742813e-006	1.499600e+001	1.501638e+001
3.549515213457099e-006	1.499582e+001	1.501466e+001
3.577416999171386e-006	1.499569e+001	1.501307e+001
3.605318784885672e-006	1.499562e+001	1.501160e+001
3.633220570599959e-006	1.499560e+001	1.501027e+001
3.661122356314245e-006	1.499564e+001	1.500906e+001
3.696836642028532e-006	1.499574e+001	1.500767e+001
3.732550927742818e-006	1.499585e+001	1.500642e+001
3.768265213457105e-006	1.499599e+001	1.500529e+001
3.803979499171391e-006	1.499615e+001	1.500429e+001
3.839693784885678e-006	1.499633e+001	1.500343e+001
3.875408070599965e-006	1.499654e+001	1.500269e+001
3.911122356314251e-006	1.499677e+001	1.500208e+001
3.936791999171394e-006	1.499693e+001	1.500168e+001
3.962461642028538e-006	1.499708e+001	1.500132e+001
3.988131284885681e-006	1.499723e+001	1.500099e+001
4.013800927742825e-006	1.499739e+001	1.500070e+001
4.039470570599969e-006	1.499754e+001	1.500045e+001
4.065140213457112e-006	1.499768e+001	1.500023e+001
4.090809856314255e-006	1.499783e+001	1.500005e+001
4.114247356314256e-006	1.499795e+001	1.499989e+001
4.137684856314256e-006	1.499808e+001	1.499976e+001
4.161122356314257e-006	1.499820e+001	1.499965e+001
4.184559856314258e-006	1.499831e+001	1.499955e+001
4.207997356314258e-006	1.499842e+001	1.499946e+001
4.231434856314259e-006	1.499853e+001	1.499939e+001
4.254872356314259e-006	1.499863e+001	1.499934e+001
4.270497356314260e-006	1.499869e+001	1.499930e+001
4.286122356314260e-006	1.499876e+001	1.499928e+001
4.301747356314260e-006	1.499882e+001	1.499925e+001
4.317372356314261e-006	1.499887e+001	1.499923e+001
4.332997356314261e-006	1.499893e+001	1.499922e+001
4.340809856314261e-006	1.499896e+001	1.499921e+001
4.348622356314262e-006	1.499899e+001	1.499920e+001
4.356434856314262e-006	1.499901e+001	1.499920e+001
4.364247356314262e-006	1.499904e+001	1.499920e+001
4.372059856314262e-006	1.499906e+001	1.499919e+001
4.379872356314262e-006	1.499909e+001	1.499919e+001
4.387684856314262e-006	1.499911e+001	1.499919e+001
4.395497356314263e-006	1.499914e+001	1.499919e+001
4.403309856314263e-006	1.499916e+001	1.499919e+001
4.411122356314263e-006	1.499919e+001	1.499919e+001
4.418934856314263e-006	1.499921e+001	1.499919e+001
4.426747356314263e-006	1.499923e+001	1.499919e+001
4.434559856314264e-006	1.499925e+001	1.499919e+001
4.442372356314264e-006	1.499927e+001	1.499919e+001
4.450184856314264e-006	1.499930e+001	1.499919e+001
4.457997356314264e-006	1.499932e+001	1.499919e+001
4.465809856314264e-006	1.499934e+001	1.499920e+001
4.473622356314265e-006	1.499936e+001	1.499920e+001
4.481434856314265e-006	1.499938e+001	1.499920e+001
4.489247356314265e-006	1.499939e+001	1.499921e+001
4.497059856314265e-006	1.499941e+001	1.499921e+001
4.504872356314265e-006	1.499943e+001	1.499922e+001
4.512684856314265e-006	1.499945e+001	1.499922e+001
4.520497356314266e-006	1.499947e+001	1.499923e+001
4.528309856314266e-006	1.499948e+001	1.499924e+001
4.536122356314266e-006	1.499950e+001	1.499924e+001
4.543934856314266e-006	1.499952e+001	1.499925e+001
4.551747356314266e-006	1.499953e+001	1.499926e+001
4.559559856314267e-006	1.499955e+001	1.499926e+001
4.567372356314267e-006	1.499956e+001	1.499927e+001
4.582997356314267e-006	1.499959e+001	1.499928e+001
4.598622356314268e-006	1.499962e+001	1.499930e+001
4.614247356314268e-006	1.499964e+001	1.499931e+001
4.629872356314268e-006	1.499967e+001	1.499933e+001
4.653309856314269e-006	1.499970e+001	1.499936e+001
4.676747356314269e-006	1.499974e+001	1.499938e+001
4.692372356314270e-006	1.499976e+001	1.499940e+001
4.707997356314270e-006	1.499978e+001	1.499942e+001
4.723622356314271e-006	1.499979e+001	1.499943e+001
4.739247356314271e-006	1.499981e+001	1.499945e+001
4.754872356314271e-006	1.499983e+001	1.499947e+001
4.762684856314272e-006	1.499984e+001	1.499948e+001
4.770497356314272e-006	1.499984e+001	1.499949e+001
4.778309856314272e-006	1.499985e+001	1.499950e+001
4.786122356314272e-006	1.499986e+001	1.499951e+001
4.793934856314272e-006	1.499986e+001	1.499951e+001
4.801747356314273e-006	1.499987e+001	1.499952e+001
4.809559856314273e-006	1.499988e+001	1.499953e+001
4.817372356314273e-006	1.499988e+001	1.499954e+001
4.825184856314273e-006	1.499989e+001	1.499955e+001
4.832997356314273e-006	1.499990e+001	1.499956e+001
4.840809856314273e-006	1.499990e+001	1.499956e+001
4.848622356314274e-006	1.499991e+001	1.499957e+001
4.856434856314274e-006	1.499991e+001	1.499958e+001
4.864247356314274e-006	1.499992e+001	1.499959e+001
4.872059856314274e-006	1.499992e+001	1.499960e+001
4.887684856314275e-006	1.499993e+001	1.499961e+001
4.903309856314275e-006	1.499994e+001	1.499963e+001
4.918934856314275e-006	1.499995e+001	1.499964e+001
4.934559856314276e-006	1.499996e+001	1.499966e+001
4.957997356314276e-006	1.499997e+001	1.499968e+001
4.981434856314277e-006	1.499998e+001	1.499970e+001
5.004872356314277e-006	1.499999e+001	1.499972e+001
5.027193784885706e-006	1.499999e+001	1.499974e+001
5.049515213457136e-006	1.500000e+001	1.499976e+001
5.071836642028565e-006	1.500000e+001	1.499977e+001
5.094158070599994e-006	1.500001e+001	1.499979e+001
5.116479499171423e-006	1.500001e+001	1.499980e+001
5.138800927742853e-006	1.500002e+001	1.499982e+001
5.161122356314281e-006	1.500002e+001	1.499983e+001
5.189024142028567e-006	1.500002e+001	1.499985e+001
5.216925927742854e-006	1.500003e+001	1.499986e+001
5.244827713457141e-006	1.500003e+001	1.499988e+001
5.272729499171427e-006	1.500003e+001	1.499989e+001
5.300631284885713e-006	1.500003e+001	1.499990e+001
5.328533070600000e-006	1.500003e+001	1.499991e+001
5.356434856314286e-006	1.500003e+001	1.499992e+001
5.392149142028572e-006	1.500003e+001	1.499993e+001
5.427863427742860e-006	1.500003e+001	1.499994e+001
5.463577713457146e-006	1.500003e+001	1.499995e+001
5.499291999171432e-006	1.500003e+001	1.499996e+001
5.535006284885719e-006	1.500003e+001	1.499997e+001
5.570720570600006e-006	1.500003e+001	1.499997e+001
5.606434856314292e-006	1.500002e+001	1.499998e+001
5.634336642028578e-006	1.500002e+001	1.499998e+001
5.662238427742865e-006	1.500002e+001	1.499999e+001
5.690140213457151e-006	1.500002e+001	1.499999e+001
5.718041999171438e-006	1.500002e+001	1.499999e+001
5.745943784885725e-006	1.500002e+001	1.499999e+001
5.773845570600011e-006	1.500002e+001	1.500000e+001
5.801747356314297e-006	1.500002e+001	1.500000e+001
5.824068784885726e-006	1.500002e+001	1.500000e+001
5.846390213457155e-006	1.500001e+001	1.500000e+001
5.868711642028584e-006	1.500001e+001	1.500000e+001
5.891033070600014e-006	1.500001e+001	1.500000e+001
5.913354499171442e-006	1.500001e+001	1.500000e+001
5.935675927742872e-006	1.500001e+001	1.500000e+001
5.957997356314301e-006	1.500001e+001	1.500000e+001
5.981434856314301e-006	1.500001e+001	1.500000e+001
6.004872356314302e-006	1.500001e+001	1.500000e+001
6.028309856314302e-006	1.500001e+001	1.500001e+001
6.050000000000001e-006	1.500001e+001	1.500001e+001
6.050014047854103e-006	1.499998e+001	1.500001e+001
6.050042143562308e-006	1.499990e+001	1.500001e+001
6.050053732040323e-006	1.499985e+001	1.500001e+001
6.050064830354233e-006	1.499979e+001	1.500001e+001
6.050076327515299e-006	1.499972e+001	1.500001e+001
6.050086995579796e-006	1.499964e+001	1.500001e+001
6.050107417632696e-006	1.499946e+001	1.500001e+001
6.050131640891086e-006	1.499920e+001	1.500001e+001
6.050168286016718e-006	1.499875e+001	1.500001e+001
6.050212284276948e-006	1.499809e+001	1.500000e+001
6.050275231200960e-006	1.499699e+001	1.500000e+001
6.050355960716728e-006	1.499537e+001	1.500000e+001
6.050423751673840e-006	1.499386e+001	1.500000e+001
6.050499789691366e-006	1.499201e+001	1.500000e+001
6.050578420708315e-006	1.498996e+001	1.500000e+001
6.050718921222479e-006	1.498606e+001	1.499999e+001
6.050900721794865e-006	1.498067e+001	1.499998e+001
6.051194837300485e-006	1.497135e+001	1.499996e+001
6.051608781482219e-006	1.495713e+001	1.499991e+001
6.052276568659985e-006	1.493182e+001	1.499978e+001
6.053216039780385e-006	1.489178e+001	1.499950e+001
6.054564584982491e-006	1.482626e+001	1.499887e+001
6.056380668415872e-006	1.472503e+001	1.499751e+001
6.058945777024446e-006	1.456109e+001	1.499445e+001
6.062536611553117e-006	1.430044e+001	1.498772e+001
6.067253690216690e-006	1.391632e+001	1.497399e+001
6.073757358443684e-006	1.333120e+001	1.494547e+001
6.081569858443684e-006	1.256740e+001	1.489656e+001
6.089382358443685e-006	1.175548e+001	1.483346e+001
6.092187500000001e-006	1.145117e+001	1.480643e+001
6.095595566225265e-006	1.106943e+001	1.476911e+001
6.100000000000000e-006	1.056186e+001	1.471520e+001
6.100241169867580e-006	1.053755e+001	1.471205e+001
6.100723509602738e-006	1.049246e+001	1.470569e+001
6.101688189073055e-006	1.041082e+001	1.469280e+001
6.103617548013689e-006	1.026418e+001	1.466637e+001
6.106849481897608e-006	1.005267e+001	1.462046e+001
6.113313349665446e-006	9.699697e+000	1.452451e+001
6.121125849665446e-006	9.337145e+000	1.440333e+001
6.128938349665446e-006	9.014881e+000	1.427710e+001
6.136750849665446e-006	8.712838e+000	1.414637e+001
6.144563349665446e-006	8.422047e+000	1.401164e+001
6.152375849665447e-006	8.139498e+000	1.387325e+001
6.168000849665447e-006	7.595542e+000	1.358652e+001
6.183625849665447e-006	7.077906e+000	1.328815e+001
6.199250849665448e-006	6.585507e+000	1.297993e+001
6.214875849665448e-006	6.117485e+000	1.266351e+001
6.230500849665449e-006	5.673006e+000	1.234043e+001
6.238313349665449e-006	5.459337e+000	1.217683e+001
6.246125849665449e-006	5.251246e+000	1.201209e+001
6.253938349665449e-006	5.048633e+000	1.184638e+001
6.261750849665449e-006	4.851396e+000	1.167983e+001
6.269563349665449e-006	4.659434e+000	1.151261e+001
6.277375849665450e-006	4.472651e+000	1.134486e+001
6.285188349665450e-006	4.290946e+000	1.117670e+001
6.293000849665450e-006	4.114224e+000	1.100828e+001
6.300813349665450e-006	3.942386e+000	1.083972e+001
6.308625849665450e-006	3.775338e+000	1.067114e+001
6.316438349665451e-006	3.612984e+000	1.050265e+001
6.324250849665451e-006	3.455231e+000	1.033436e+001
6.332063349665451e-006	3.301986e+000	1.016638e+001
6.339875849665451e-006	3.153157e+000	9.998813e+000
6.347688349665451e-006	3.008652e+000	9.831749e+000
6.355500849665452e-006	2.868383e+000	9.665281e+000
6.363313349665452e-006	2.732260e+000	9.499496e+000
6.371125849665452e-006	2.600195e+000	9.334476e+000
6.378938349665452e-006	2.472103e+000	9.170300e+000
6.386750849665452e-006	2.347896e+000	9.007043e+000
6.394563349665453e-006	2.227490e+000	8.844774e+000
6.402375849665453e-006	2.110803e+000	8.683561e+000
6.410188349665453e-006	1.997751e+000	8.523468e+000
6.418000849665453e-006	1.888253e+000	8.364553e+000
6.425813349665453e-006	1.782229e+000	8.206874e+000
6.433625849665453e-006	1.679601e+000	8.050483e+000
6.441438349665454e-006	1.580290e+000	7.895431e+000
6.449250849665454e-006	1.484219e+000	7.741763e+000
6.457063349665454e-006	1.391313e+000	7.589525e+000
6.472688349665454e-006	1.214700e+000	7.289497e+000
6.488313349665455e-006	1.049867e+000	6.995644e+000
6.503938349665455e-006	8.962504e-001	6.708217e+000
6.519563349665456e-006	7.533053e-001	6.427432e+000
6.535188349665456e-006	6.205038e-001	6.153470e+000
6.550813349665456e-006	4.973361e-001	5.886476e+000
6.558625849665456e-006	4.392106e-001	5.755630e+000
6.566438349665457e-006	3.833104e-001	5.626566e+000
6.574250849665457e-006	3.295769e-001	5.499295e+000
6.582063349665457e-006	2.779523e-001	5.373826e+000
6.589875849665457e-006	2.283802e-001	5.250165e+000
6.597688349665457e-006	1.808048e-001	5.128317e+000
6.605500849665458e-006	1.351719e-001	5.008286e+000
6.613313349665458e-006	9.142798e-002	4.890075e+000
6.621125849665458e-006	4.952065e-002	4.773685e+000
6.628938349665458e-006	9.398594e-003	4.659114e+000
6.636750849665458e-006	-2.898852e-002	4.546362e+000
6.644563349665459e-006	-6.569001e-002	4.435427e+000
6.652375849665459e-006	-1.007542e-001	4.326304e+000
6.660188349665459e-006	-1.342284e-001	4.218989e+000
6.668000849665459e-006	-1.661589e-001	4.113475e+000
6.675813349665459e-006	-1.965912e-001	4.009757e+000
6.683625849665460e-006	-2.255697e-001	3.907826e+000
6.691438349665460e-006	-2.531378e-001	3.807674e+000
6.699250849665460e-006	-2.793381e-001	3.709291e+000
6.707063349665460e-006	-3.042122e-001	3.612668e+000
6.714875849665460e-006	-3.278009e-001	3.517792e+000
6.722688349665460e-006	-3.501440e-001	3.424654e+000
6.730500849665461e-006	-3.712804e-001	3.333239e+000
6.738313349665461e-006	-3.912481e-001	3.243536e+000
6.746125849665461e-006	-4.100845e-001	3.155530e+000
6.753938349665461e-006	-4.278257e-001	3.069208e+000
6.761750849665461e-006	-4.445074e-001	2.984555e+000
6.769563349665462e-006	-4.601643e-001	2.901556e+000
6.785188349665462e-006	-4.885382e-001	2.740457e+000
6.800813349665462e-006	-5.132089e-001	2.585780e+000
6.816438349665463e-006	-5.344255e-001	2.437391e+000
6.832063349665463e-006	-5.524253e-001	2.295147e+000
6.855500849665464e-006	-5.738834e-001	2.092987e+000
6.878938349665464e-006	-5.893223e-001	1.903823e+000
6.902375849665465e-006	-5.994022e-001	1.727139e+000
6.925813349665465e-006	-6.047322e-001	1.562409e+000
6.949250849665466e-006	-6.048408e-001	1.410395e+000
6.972688349665467e-006	-6.023432e-001	1.267976e+000
6.996125849665467e-006	-5.972392e-001	1.135152e+000
7.019563349665468e-006	-5.895289e-001	1.011922e+000
7.043000849665468e-006	-5.792123e-001	8.982880e-001
7.066438349665469e-006	-5.662894e-001	7.942485e-001
7.089875849665469e-006	-5.507601e-001	6.998039e-001
7.113313349665470e-006	-5.347881e-001	6.119373e-001
7.136750849665471e-006	-5.176896e-001	5.314549e-001
7.160188349665471e-006	-4.997048e-001	4.579056e-001
7.183625849665472e-006	-4.810490e-001	3.908540e-001
7.207063349665472e-006	-4.619145e-001	3.298811e-001
7.230500849665473e-006	-4.424726e-001	2.745846e-001
7.253938349665473e-006	-4.228748e-001	2.245795e-001
7.269563349665474e-006	-4.097897e-001	1.939998e-001
7.285188349665474e-006	-3.967305e-001	1.655032e-001
7.300813349665475e-006	-3.837297e-001	1.389881e-001
7.316438349665475e-006	-3.708166e-001	1.143565e-001
7.324250849665475e-006	-3.644015e-001	1.027173e-001
7.339875849665475e-006	-3.516695e-001	8.073440e-002
7.347688349665476e-006	-3.453583e-001	7.036829e-002
7.355500849665476e-006	-3.390873e-001	6.040444e-002
7.363313349665476e-006	-3.328590e-001	5.083213e-002
7.371125849665476e-006	-3.266757e-001	4.164086e-002
7.378938349665476e-006	-3.205395e-001	3.282031e-002
7.386750849665477e-006	-3.144528e-001	2.436036e-002
7.394563349665477e-006	-3.084174e-001	1.625108e-002
7.402375849665477e-006	-3.024352e-001	8.482748e-003
7.410188349665477e-006	-2.965079e-001	1.045820e-003
7.418000849665477e-006	-2.906371e-001	-6.069052e-003
7.425813349665478e-006	-2.848244e-001	-1.287103e-002
7.433625849665478e-006	-2.790712e-001	-1.936909e-002
7.441438349665478e-006	-2.733788e-001	-2.557202e-002
7.449250849665478e-006	-2.677485e-001	-3.148843e-002
7.457063349665478e-006	-2.621812e-001	-3.712676e-002
7.464875849665479e-006	-2.566781e-001	-4.249526e-002
7.480500849665479e-006	-2.458681e-001	-5.245488e-002
7.496125849665479e-006	-2.353249e-001	-6.142985e-002
7.511750849665480e-006	-2.250539e-001	-6.948002e-002
7.527375849665480e-006	-2.150590e-001	-7.666259e-002
7.550813349665481e-006	-2.005909e-001	-8.592859e-002
7.574250849665481e-006	-1.867568e-001	-9.353893e-002
7.589875849665482e-006	-1.778873e-001	-9.777313e-002
7.605500849665482e-006	-1.692999e-001	-1.013889e-001
7.621125849665482e-006	-1.609934e-001	-1.044291e-001
7.636750849665483e-006	-1.529658e-001	-1.069346e-001
7.652375849665481e-006	-1.452149e-001	-1.089441e-001
7.660188349665481e-006	-1.414422e-001	-1.097745e-001
7.668000849665480e-006	-1.377376e-001	-1.104945e-001
7.675813349665479e-006	-1.341005e-001	-1.111085e-001
7.683625849665479e-006	-1.305305e-001	-1.116206e-001
7.691438349665478e-006	-1.270270e-001	-1.120350e-001
7.699250849665477e-006	-1.235897e-001	-1.123555e-001
7.707063349665477e-006	-1.202179e-001	-1.125861e-001
7.714875849665476e-006	-1.169110e-001	-1.127305e-001
7.722688349665475e-006	-1.136685e-001	-1.127923e-001
7.730500849665475e-006	-1.104898e-001	-1.127751e-001
7.738313349665474e-006	-1.073743e-001	-1.126823e-001
7.746125849665473e-006	-1.043214e-001	-1.125172e-001
7.753938349665473e-006	-1.013303e-001	-1.122832e-001
7.761750849665472e-006	-9.840041e-002	-1.119833e-001
7.769563349665472e-006	-9.553110e-002	-1.116206e-001
7.777375849665471e-006	-9.272166e-002	-1.111981e-001
7.785188349665470e-006	-8.997139e-002	-1.107187e-001
7.793000849665470e-006	-8.727959e-002	-1.101852e-001
7.800813349665469e-006	-8.464553e-002	-1.096002e-001
7.808625849665468e-006	-8.206850e-002	-1.089665e-001
7.816438349665468e-006	-7.954777e-002	-1.082865e-001
7.824250849665467e-006	-7.708259e-002	-1.075627e-001
7.832063349665466e-006	-7.467223e-002	-1.067975e-001
7.839875849665466e-006	-7.231594e-002	-1.059932e-001
7.847688349665465e-006	-7.001296e-002	-1.051521e-001
7.855500849665464e-006	-6.776255e-002	-1.042764e-001
7.863313349665464e-006	-6.556394e-002	-1.033680e-001
7.871125849665463e-006	-6.341637e-002	-1.024292e-001
7.878938349665462e-006	-6.131908e-002	-1.014617e-001
7.894563349665461e-006	-5.727230e-002	-9.944855e-002
7.910188349665460e-006	-5.341749e-002	-9.734298e-002
7.925813349665458e-006	-4.974855e-002	-9.515844e-002
7.941438349665457e-006	-4.625943e-002	-9.290738e-002
7.957063349665456e-006	-4.294408e-002	-9.060146e-002
7.972688349665454e-006	-3.979654e-002	-8.825140e-002
7.980500849665454e-006	-3.828385e-002	-8.706298e-002
7.988313349665453e-006	-3.681089e-002	-8.586721e-002
7.996125849665452e-006	-3.537214e-002	-8.466582e-002
8.000000000000000e-006	-3.467065e-002	-8.406830e-002
