time	V(n003)	V(n006)
0.000000000000000e+000	0.000000e+000	0.000000e+000
1.000000000000000e-006	0.000000e+000	0.000000e+000
1.000017187500000e-006	8.711680e-006	2.667710e-009
1.000051562500000e-006	3.478432e-005	1.276617e-008
1.000066819824014e-006	5.240000e-005	2.158826e-008
1.000086193957348e-006	8.300562e-005	4.080347e-008
1.000107390064682e-006	1.235839e-004	7.200506e-008
1.000128100675816e-006	1.705775e-004	1.158311e-007
1.000152814721150e-006	2.357145e-004	1.887732e-007
1.000181266681943e-006	3.217429e-004	3.043882e-007
1.000216374943433e-006	4.427717e-004	5.002734e-007
1.000258186071522e-006	6.061350e-004	8.208478e-007
1.000310252278238e-006	8.353673e-004	1.370349e-006
1.000374186053017e-006	1.150432e-003	2.302098e-006
1.000455564336777e-006	1.596247e-003	3.947117e-006
1.000559478210450e-006	2.224684e-003	6.880790e-006
1.000697006929120e-006	3.137690e-003	1.235719e-005
1.000882563424619e-006	4.486465e-003	2.293242e-005
1.001142873518508e-006	6.565385e-003	4.459290e-005
1.001516012301482e-006	9.876008e-003	9.101322e-005
1.002055835911908e-006	1.528621e-002	1.935746e-004
1.002814466359552e-006	2.401998e-002	4.169455e-004
1.003852896071257e-006	3.792331e-002	8.947677e-004
1.005262090037076e-006	5.999170e-002	1.910386e-003
1.007163319947904e-006	9.483337e-002	4.056476e-003
1.009756760174878e-006	1.503263e-001	8.642079e-003
1.013354804366750e-006	2.400623e-001	1.862622e-002
1.018458079882155e-006	3.888020e-001	4.091669e-002
1.025775473789943e-006	6.371315e-001	8.926934e-002
1.033587973789943e-006	9.436648e-001	1.632575e-001
1.041400473789943e-006	1.284546e+000	2.571467e-001
1.042187500000000e-006	1.321503e+000	2.682020e-001
1.043761552420114e-006	1.399315e+000	2.927606e-001
1.046909657260343e-006	1.560021e+000	3.451673e-001
1.050000000000000e-006	1.722324e+000	3.995735e-001
1.050309034273966e-006	1.737815e+000	4.054283e-001
1.050927102821897e-006	1.767653e+000	4.172537e-001
1.052163239917760e-006	1.824278e+000	4.414252e-001
1.054635514109485e-006	1.931213e+000	4.914745e-001
1.058663501042163e-006	2.094984e+000	5.773703e-001
1.066476001042163e-006	2.398006e+000	7.543510e-001
1.074288501042163e-006	2.695545e+000	9.425517e-001
1.082101001042163e-006	2.993717e+000	1.142266e+000
1.089913501042163e-006	3.295357e+000	1.352500e+000
1.097726001042163e-006	3.600636e+000	1.572523e+000
1.113351001042163e-006	4.220469e+000	2.039294e+000
1.128976001042163e-006	4.849369e+000	2.537497e+000
1.144601001042163e-006	5.483488e+000	3.062284e+000
1.160226001042163e-006	6.119221e+000	3.609034e+000
1.175851001042163e-006	6.753221e+000	4.173352e+000
1.183663501042163e-006	7.068596e+000	4.460790e+000
1.191476001042163e-006	7.382398e+000	4.751078e+000
1.199288501042163e-006	7.694280e+000	5.043735e+000
1.207101001042163e-006	8.003910e+000	5.338291e+000
1.214913501042163e-006	8.310974e+000	5.634296e+000
1.222726001042163e-006	8.615169e+000	5.931312e+000
1.230538501042163e-006	8.916208e+000	6.228915e+000
1.238351001042163e-006	9.213823e+000	6.526700e+000
1.246163501042163e-006	9.507755e+000	6.824273e+000
1.253976001042163e-006	9.797762e+000	7.121258e+000
1.261788501042163e-006	1.008362e+001	7.417293e+000
1.269601001042163e-006	1.036510e+001	7.712029e+000
1.277413501042163e-006	1.064203e+001	8.005135e+000
1.285226001042163e-006	1.091419e+001	8.296291e+000
1.293038501042163e-006	1.118143e+001	8.585196e+000
1.300851001042163e-006	1.144358e+001	8.871557e+000
1.308663501042163e-006	1.170050e+001	9.155102e+000
1.316476001042163e-006	1.195204e+001	9.435569e+000
1.324288501042163e-006	1.219808e+001	9.712710e+000
1.332101001042163e-006	1.243852e+001	9.986292e+000
1.339913501042163e-006	1.267324e+001	1.025609e+001
1.347726001042163e-006	1.290217e+001	1.052191e+001
1.363351001042163e-006	1.334233e+001	1.104081e+001
1.378976001042163e-006	1.375848e+001	1.154159e+001
1.394601001042162e-006	1.415028e+001	1.202305e+001
1.410226001042162e-006	1.451753e+001	1.248416e+001
1.425851001042162e-006	1.486019e+001	1.292409e+001
1.449288501042162e-006	1.532823e+001	1.354281e+001
1.464913501042162e-006	1.560996e+001	1.392716e+001
1.480538501042162e-006	1.586784e+001	1.428865e+001
1.496163501042162e-006	1.610231e+001	1.462712e+001
1.503976001042162e-006	1.621094e+001	1.478772e+001
1.511788501042162e-006	1.631392e+001	1.494256e+001
1.519601001042162e-006	1.641133e+001	1.509166e+001
1.527413501042162e-006	1.650327e+001	1.523505e+001
1.535226001042162e-006	1.658980e+001	1.537275e+001
1.543038501042162e-006	1.667103e+001	1.550481e+001
1.550851001042162e-006	1.674705e+001	1.563125e+001
1.558663501042162e-006	1.681796e+001	1.575213e+001
1.566476001042162e-006	1.688385e+001	1.586750e+001
1.574288501042162e-006	1.694483e+001	1.597741e+001
1.582101001042162e-006	1.700100e+001	1.608194e+001
1.589913501042162e-006	1.705248e+001	1.618114e+001
1.597726001042162e-006	1.709937e+001	1.627509e+001
1.605538501042162e-006	1.714178e+001	1.636387e+001
1.621163501042162e-006	1.721363e+001	1.652621e+001
1.636788501042162e-006	1.726894e+001	1.666884e+001
1.652413501042162e-006	1.730866e+001	1.679249e+001
1.668038501042162e-006	1.733373e+001	1.689793e+001
1.683663501042162e-006	1.734510e+001	1.698597e+001
1.699288501042162e-006	1.734373e+001	1.705744e+001
1.714913501042162e-006	1.733056e+001	1.711320e+001
1.722726001042162e-006	1.731984e+001	1.713546e+001
1.730538501042162e-006	1.730652e+001	1.715412e+001
1.738351001042162e-006	1.729072e+001	1.716929e+001
1.746163501042161e-006	1.727255e+001	1.718109e+001
1.753976001042161e-006	1.725211e+001	1.718962e+001
1.761788501042161e-006	1.722953e+001	1.719499e+001
1.769601001042161e-006	1.720491e+001	1.719733e+001
1.777413501042161e-006	1.717837e+001	1.719673e+001
1.785226001042161e-006	1.715000e+001	1.719331e+001
1.793038501042161e-006	1.711991e+001	1.718719e+001
1.800851001042161e-006	1.708820e+001	1.717846e+001
1.808663501042161e-006	1.705499e+001	1.716724e+001
1.816476001042161e-006	1.702036e+001	1.715363e+001
1.824288501042161e-006	1.698442e+001	1.713775e+001
1.832101001042161e-006	1.694726e+001	1.711970e+001
1.839913501042161e-006	1.690897e+001	1.709959e+001
1.847726001042161e-006	1.686965e+001	1.707751e+001
1.855538501042161e-006	1.682939e+001	1.705357e+001
1.863351001042161e-006	1.678827e+001	1.702787e+001
1.871163501042161e-006	1.674637e+001	1.700051e+001
1.878976001042161e-006	1.670379e+001	1.697159e+001
1.886788501042161e-006	1.666061e+001	1.694121e+001
1.902413501042161e-006	1.657273e+001	1.687642e+001
1.918038501042161e-006	1.648334e+001	1.680687e+001
1.933663501042162e-006	1.639299e+001	1.673326e+001
1.949288501042162e-006	1.630223e+001	1.665628e+001
1.964913501042163e-006	1.621155e+001	1.657656e+001
1.980538501042163e-006	1.612139e+001	1.649471e+001
1.988351001042163e-006	1.607664e+001	1.645316e+001
1.996163501042163e-006	1.603218e+001	1.641129e+001
2.003976001042164e-006	1.598805e+001	1.636917e+001
2.011788501042164e-006	1.594430e+001	1.632685e+001
2.019601001042164e-006	1.590096e+001	1.628441e+001
2.027413501042164e-006	1.585809e+001	1.624190e+001
2.035226001042164e-006	1.581572e+001	1.619938e+001
2.043038501042164e-006	1.577388e+001	1.615690e+001
2.050851001042165e-006	1.573261e+001	1.611452e+001
2.058663501042165e-006	1.569194e+001	1.607228e+001
2.066476001042165e-006	1.565191e+001	1.603024e+001
2.074288501042165e-006	1.561253e+001	1.598845e+001
2.082101001042165e-006	1.557383e+001	1.594695e+001
2.089913501042166e-006	1.553585e+001	1.590578e+001
2.097726001042166e-006	1.549860e+001	1.586498e+001
2.105538501042166e-006	1.546210e+001	1.582460e+001
2.113351001042166e-006	1.542637e+001	1.578466e+001
2.121163501042166e-006	1.539144e+001	1.574521e+001
2.128976001042167e-006	1.535730e+001	1.570627e+001
2.136788501042167e-006	1.532399e+001	1.566788e+001
2.144601001042167e-006	1.529151e+001	1.563007e+001
2.160226001042167e-006	1.522908e+001	1.555628e+001
2.175851001042168e-006	1.517008e+001	1.548510e+001
2.191476001042168e-006	1.511457e+001	1.541670e+001
2.207101001042168e-006	1.506256e+001	1.535122e+001
2.222726001042169e-006	1.501407e+001	1.528879e+001
2.246163501042169e-006	1.494788e+001	1.520103e+001
2.261788501042170e-006	1.490808e+001	1.514655e+001
2.277413501042170e-006	1.487168e+001	1.509534e+001
2.293038501042171e-006	1.483861e+001	1.504741e+001
2.300851001042171e-006	1.482330e+001	1.502468e+001
2.308663501042171e-006	1.480879e+001	1.500278e+001
2.316476001042171e-006	1.479508e+001	1.498169e+001
2.324288501042171e-006	1.478215e+001	1.496142e+001
2.332101001042172e-006	1.476998e+001	1.494196e+001
2.339913501042172e-006	1.475857e+001	1.492330e+001
2.347726001042172e-006	1.474790e+001	1.490544e+001
2.355538501042172e-006	1.473795e+001	1.488838e+001
2.363351001042172e-006	1.472872e+001	1.487210e+001
2.371163501042172e-006	1.472018e+001	1.485660e+001
2.378976001042173e-006	1.471233e+001	1.484186e+001
2.386788501042173e-006	1.470515e+001	1.482788e+001
2.394601001042173e-006	1.469861e+001	1.481465e+001
2.410226001042173e-006	1.468743e+001	1.479039e+001
2.425851001042174e-006	1.467867e+001	1.476898e+001
2.441476001042174e-006	1.467218e+001	1.475032e+001
2.457101001042175e-006	1.466783e+001	1.473430e+001
2.472726001042175e-006	1.466549e+001	1.472081e+001
2.488351001042175e-006	1.466502e+001	1.470973e+001
2.503976001042176e-006	1.466628e+001	1.470094e+001
2.519601001042176e-006	1.466915e+001	1.469432e+001
2.527413501042176e-006	1.467114e+001	1.469178e+001
2.535226001042176e-006	1.467349e+001	1.468974e+001
2.543038501042177e-006	1.467616e+001	1.468817e+001
2.550851001042177e-006	1.467916e+001	1.468707e+001
2.558663501042177e-006	1.468246e+001	1.468641e+001
2.566476001042177e-006	1.468605e+001	1.468619e+001
2.574288501042177e-006	1.468991e+001	1.468637e+001
2.582101001042178e-006	1.469402e+001	1.468696e+001
2.589913501042178e-006	1.469838e+001	1.468793e+001
2.597726001042178e-006	1.470296e+001	1.468927e+001
2.605538501042178e-006	1.470776e+001	1.469096e+001
2.613351001042178e-006	1.471275e+001	1.469298e+001
2.621163501042179e-006	1.471793e+001	1.469533e+001
2.628976001042179e-006	1.472327e+001	1.469798e+001
2.636788501042179e-006	1.472878e+001	1.470093e+001
2.644601001042179e-006	1.473443e+001	1.470415e+001
2.652413501042179e-006	1.474021e+001	1.470763e+001
2.660226001042179e-006	1.474611e+001	1.471136e+001
2.668038501042180e-006	1.475212e+001	1.471533e+001
2.675851001042180e-006	1.475823e+001	1.471951e+001
2.683663501042180e-006	1.476441e+001	1.472390e+001
2.699288501042180e-006	1.477699e+001	1.473325e+001
2.714913501042181e-006	1.478978e+001	1.474326e+001
2.730538501042181e-006	1.480269e+001	1.475383e+001
2.746163501042182e-006	1.481566e+001	1.476488e+001
2.761788501042182e-006	1.482860e+001	1.477631e+001
2.777413501042182e-006	1.484146e+001	1.478803e+001
2.785226001042183e-006	1.484785e+001	1.479397e+001
2.793038501042183e-006	1.485418e+001	1.479996e+001
2.800851001042183e-006	1.486047e+001	1.480599e+001
2.808663501042183e-006	1.486671e+001	1.481203e+001
2.816476001042183e-006	1.487288e+001	1.481810e+001
2.824288501042183e-006	1.487898e+001	1.482417e+001
2.832101001042184e-006	1.488502e+001	1.483024e+001
2.839913501042184e-006	1.489097e+001	1.483631e+001
2.847726001042184e-006	1.489684e+001	1.484236e+001
2.855538501042184e-006	1.490263e+001	1.484838e+001
2.863351001042184e-006	1.490832e+001	1.485438e+001
2.871163501042185e-006	1.491392e+001	1.486033e+001
2.878976001042185e-006	1.491942e+001	1.486625e+001
2.886788501042185e-006	1.492482e+001	1.487212e+001
2.894601001042185e-006	1.493011e+001	1.487793e+001
2.902413501042185e-006	1.493530e+001	1.488368e+001
2.910226001042186e-006	1.494037e+001	1.488937e+001
2.918038501042186e-006	1.494534e+001	1.489498e+001
2.925851001042186e-006	1.495018e+001	1.490052e+001
2.933663501042186e-006	1.495491e+001	1.490599e+001
2.941476001042186e-006	1.495952e+001	1.491136e+001
2.957101001042187e-006	1.496837e+001	1.492186e+001
2.972726001042187e-006	1.497673e+001	1.493197e+001
2.988351001042187e-006	1.498460e+001	1.494169e+001
3.003976001042188e-006	1.499196e+001	1.495099e+001
3.019601001042188e-006	1.499883e+001	1.495985e+001
3.043038501042189e-006	1.500818e+001	1.497229e+001
3.066476001042189e-006	1.501643e+001	1.498370e+001
3.082101001042190e-006	1.502133e+001	1.499072e+001
3.097726001042190e-006	1.502577e+001	1.499727e+001
3.113351001042190e-006	1.502974e+001	1.500335e+001
3.121163501042191e-006	1.503156e+001	1.500622e+001
3.128976001042191e-006	1.503327e+001	1.500897e+001
3.136788501042191e-006	1.503487e+001	1.501160e+001
3.144601001042191e-006	1.503637e+001	1.501413e+001
3.152413501042191e-006	1.503776e+001	1.501653e+001
3.160226001042192e-006	1.503906e+001	1.501883e+001
3.175851001042192e-006	1.504135e+001	1.502309e+001
3.191476001042192e-006	1.504326e+001	1.502693e+001
3.207101001042193e-006	1.504481e+001	1.503034e+001
3.222726001042193e-006	1.504602e+001	1.503335e+001
3.238351001042194e-006	1.504691e+001	1.503596e+001
3.261788501042194e-006	1.504768e+001	1.503919e+001
3.277413501042194e-006	1.504784e+001	1.504090e+001
3.293038501042195e-006	1.504775e+001	1.504227e+001
3.308663501042195e-006	1.504743e+001	1.504333e+001
3.316476001042195e-006	1.504718e+001	1.504375e+001
3.324288501042196e-006	1.504688e+001	1.504410e+001
3.332101001042196e-006	1.504654e+001	1.504437e+001
3.339913501042196e-006	1.504614e+001	1.504458e+001
3.347726001042196e-006	1.504570e+001	1.504472e+001
3.355538501042196e-006	1.504522e+001	1.504480e+001
3.363351001042197e-006	1.504470e+001	1.504481e+001
3.371163501042197e-006	1.504414e+001	1.504477e+001
3.378976001042197e-006	1.504354e+001	1.504467e+001
3.386788501042197e-006	1.504291e+001	1.504452e+001
3.394601001042197e-006	1.504225e+001	1.504432e+001
3.402413501042198e-006	1.504156e+001	1.504407e+001
3.410226001042198e-006	1.504084e+001	1.504376e+001
3.418038501042198e-006	1.504009e+001	1.504342e+001
3.425851001042198e-006	1.503932e+001	1.504303e+001
3.433663501042198e-006	1.503853e+001	1.504260e+001
3.441476001042198e-006	1.503772e+001	1.504213e+001
3.449288501042199e-006	1.503689e+001	1.504162e+001
3.457101001042199e-006	1.503604e+001	1.504108e+001
3.464913501042199e-006	1.503518e+001	1.504051e+001
3.472726001042199e-006	1.503431e+001	1.503990e+001
3.480538501042199e-006	1.503342e+001	1.503927e+001
3.496163501042200e-006	1.503162e+001	1.503792e+001
3.511788501042200e-006	1.502979e+001	1.503648e+001
3.527413501042201e-006	1.502794e+001	1.503496e+001
3.543038501042201e-006	1.502609e+001	1.503337e+001
3.558663501042201e-006	1.502425e+001	1.503174e+001
3.574288501042202e-006	1.502241e+001	1.503006e+001
3.582101001042202e-006	1.502150e+001	1.502921e+001
3.589913501042202e-006	1.502060e+001	1.502835e+001
3.597726001042202e-006	1.501970e+001	1.502749e+001
3.605538501042202e-006	1.501881e+001	1.502663e+001
3.613351001042203e-006	1.501793e+001	1.502576e+001
3.621163501042203e-006	1.501707e+001	1.502489e+001
3.628976001042203e-006	1.501621e+001	1.502402e+001
3.636788501042203e-006	1.501536e+001	1.502316e+001
3.644601001042203e-006	1.501452e+001	1.502230e+001
3.652413501042204e-006	1.501370e+001	1.502144e+001
3.660226001042204e-006	1.501289e+001	1.502058e+001
3.668038501042204e-006	1.501209e+001	1.501973e+001
3.675851001042204e-006	1.501131e+001	1.501889e+001
3.683663501042204e-006	1.501054e+001	1.501805e+001
3.691476001042205e-006	1.500979e+001	1.501723e+001
3.699288501042205e-006	1.500906e+001	1.501641e+001
3.707101001042205e-006	1.500834e+001	1.501560e+001
3.714913501042205e-006	1.500763e+001	1.501480e+001
3.722726001042205e-006	1.500694e+001	1.501401e+001
3.730538501042205e-006	1.500627e+001	1.501323e+001
3.738351001042206e-006	1.500562e+001	1.501247e+001
3.753976001042206e-006	1.500436e+001	1.501097e+001
3.769601001042206e-006	1.500318e+001	1.500954e+001
3.785226001042207e-006	1.500206e+001	1.500816e+001
3.800851001042207e-006	1.500102e+001	1.500684e+001
3.816476001042207e-006	1.500005e+001	1.500558e+001
3.839913501042208e-006	1.499873e+001	1.500381e+001
3.863351001042208e-006	1.499756e+001	1.500220e+001
3.886788501042209e-006	1.499655e+001	1.500073e+001
3.910226001042209e-006	1.499569e+001	1.499942e+001
3.933663501042210e-006	1.499496e+001	1.499825e+001
3.957101001042211e-006	1.499438e+001	1.499723e+001
3.976074215327926e-006	1.499401e+001	1.499652e+001
3.995047429613640e-006	1.499371e+001	1.499589e+001
4.014020643899355e-006	1.499347e+001	1.499534e+001
4.032993858185070e-006	1.499330e+001	1.499487e+001
4.051967072470785e-006	1.499319e+001	1.499448e+001
4.070940286756499e-006	1.499316e+001	1.499417e+001
4.089913501042214e-006	1.499319e+001	1.499394e+001
4.105538501042214e-006	1.499324e+001	1.499380e+001
4.113351001042214e-006	1.499327e+001	1.499374e+001
4.121163501042215e-006	1.499332e+001	1.499369e+001
4.128976001042215e-006	1.499337e+001	1.499366e+001
4.136788501042215e-006	1.499343e+001	1.499363e+001
4.144601001042215e-006	1.499349e+001	1.499361e+001
4.152413501042215e-006	1.499356e+001	1.499360e+001
4.160226001042216e-006	1.499364e+001	1.499360e+001
4.168038501042216e-006	1.499372e+001	1.499361e+001
4.175851001042216e-006	1.499380e+001	1.499362e+001
4.183663501042216e-006	1.499389e+001	1.499365e+001
4.191476001042216e-006	1.499399e+001	1.499368e+001
4.199288501042216e-006	1.499409e+001	1.499372e+001
4.207101001042217e-006	1.499419e+001	1.499376e+001
4.214913501042217e-006	1.499430e+001	1.499381e+001
4.222726001042217e-006	1.499441e+001	1.499387e+001
4.230538501042217e-006	1.499453e+001	1.499393e+001
4.238351001042217e-006	1.499464e+001	1.499400e+001
4.246163501042218e-006	1.499476e+001	1.499407e+001
4.253976001042218e-006	1.499488e+001	1.499415e+001
4.261788501042218e-006	1.499501e+001	1.499424e+001
4.269601001042218e-006	1.499513e+001	1.499432e+001
4.285226001042219e-006	1.499539e+001	1.499451e+001
4.300851001042219e-006	1.499565e+001	1.499471e+001
4.316476001042219e-006	1.499591e+001	1.499493e+001
4.332101001042220e-006	1.499617e+001	1.499515e+001
4.347726001042220e-006	1.499644e+001	1.499538e+001
4.363351001042220e-006	1.499670e+001	1.499562e+001
4.378976001042221e-006	1.499696e+001	1.499586e+001
4.386788501042221e-006	1.499709e+001	1.499598e+001
4.394601001042221e-006	1.499722e+001	1.499611e+001
4.402413501042221e-006	1.499734e+001	1.499623e+001
4.410226001042222e-006	1.499747e+001	1.499635e+001
4.418038501042222e-006	1.499759e+001	1.499648e+001
4.425851001042222e-006	1.499772e+001	1.499660e+001
4.433663501042222e-006	1.499784e+001	1.499672e+001
4.441476001042222e-006	1.499796e+001	1.499685e+001
4.449288501042223e-006	1.499807e+001	1.499697e+001
4.457101001042223e-006	1.499819e+001	1.499709e+001
4.464913501042223e-006	1.499830e+001	1.499721e+001
4.472726001042223e-006	1.499841e+001	1.499733e+001
4.480538501042223e-006	1.499852e+001	1.499745e+001
4.488351001042223e-006	1.499863e+001	1.499757e+001
4.496163501042224e-006	1.499873e+001	1.499769e+001
4.503976001042224e-006	1.499883e+001	1.499780e+001
4.511788501042224e-006	1.499893e+001	1.499792e+001
4.519601001042224e-006	1.499903e+001	1.499803e+001
4.527413501042224e-006	1.499913e+001	1.499814e+001
4.543038501042225e-006	1.499931e+001	1.499835e+001
4.558663501042225e-006	1.499948e+001	1.499856e+001
4.574288501042226e-006	1.499965e+001	1.499876e+001
4.589913501042226e-006	1.499980e+001	1.499895e+001
4.605538501042226e-006	1.499994e+001	1.499914e+001
4.628976001042227e-006	1.500014e+001	1.499939e+001
4.652413501042227e-006	1.500031e+001	1.499963e+001
4.675851001042228e-006	1.500046e+001	1.499985e+001
4.699288501042229e-006	1.500059e+001	1.500004e+001
4.722726001042229e-006	1.500070e+001	1.500021e+001
4.741699215327944e-006	1.500077e+001	1.500033e+001
4.760672429613658e-006	1.500083e+001	1.500044e+001
4.779645643899373e-006	1.500088e+001	1.500054e+001
4.798618858185088e-006	1.500092e+001	1.500063e+001
4.817592072470803e-006	1.500095e+001	1.500070e+001
4.836565286756517e-006	1.500097e+001	1.500076e+001
4.855538501042232e-006	1.500097e+001	1.500081e+001
4.871163501042233e-006	1.500098e+001	1.500084e+001
4.886788501042233e-006	1.500097e+001	1.500087e+001
4.902413501042234e-006	1.500097e+001	1.500089e+001
4.910226001042234e-006	1.500096e+001	1.500090e+001
4.918038501042234e-006	1.500095e+001	1.500090e+001
4.925851001042234e-006	1.500095e+001	1.500091e+001
4.933663501042234e-006	1.500094e+001	1.500091e+001
4.941476001042235e-006	1.500093e+001	1.500091e+001
4.949288501042235e-006	1.500092e+001	1.500091e+001
4.957101001042235e-006	1.500091e+001	1.500091e+001
4.964913501042235e-006	1.500089e+001	1.500091e+001
4.972726001042235e-006	1.500088e+001	1.500091e+001
4.980538501042235e-006	1.500087e+001	1.500091e+001
4.988351001042236e-006	1.500085e+001	1.500090e+001
4.996163501042236e-006	1.500084e+001	1.500090e+001
5.003976001042236e-006	1.500083e+001	1.500089e+001
5.011788501042236e-006	1.500081e+001	1.500088e+001
5.019601001042236e-006	1.500079e+001	1.500087e+001
5.027413501042237e-006	1.500078e+001	1.500086e+001
5.035226001042237e-006	1.500076e+001	1.500085e+001
5.043038501042237e-006	1.500074e+001	1.500084e+001
5.050851001042237e-006	1.500073e+001	1.500083e+001
5.058663501042237e-006	1.500071e+001	1.500082e+001
5.066476001042238e-006	1.500069e+001	1.500081e+001
5.082101001042238e-006	1.500065e+001	1.500078e+001
5.097726001042238e-006	1.500062e+001	1.500075e+001
5.113351001042239e-006	1.500058e+001	1.500072e+001
5.128976001042239e-006	1.500054e+001	1.500069e+001
5.144601001042239e-006	1.500050e+001	1.500066e+001
5.168038501042240e-006	1.500045e+001	1.500060e+001
5.183663501042240e-006	1.500041e+001	1.500057e+001
5.199288501042241e-006	1.500037e+001	1.500053e+001
5.214913501042241e-006	1.500034e+001	1.500050e+001
5.222726001042241e-006	1.500032e+001	1.500048e+001
5.230538501042242e-006	1.500030e+001	1.500046e+001
5.238351001042242e-006	1.500029e+001	1.500045e+001
5.246163501042242e-006	1.500027e+001	1.500043e+001
5.253976001042242e-006	1.500025e+001	1.500041e+001
5.261788501042242e-006	1.500024e+001	1.500039e+001
5.269601001042242e-006	1.500022e+001	1.500038e+001
5.277413501042243e-006	1.500021e+001	1.500036e+001
5.285226001042243e-006	1.500019e+001	1.500034e+001
5.293038501042243e-006	1.500018e+001	1.500033e+001
5.300851001042243e-006	1.500016e+001	1.500031e+001
5.308663501042243e-006	1.500015e+001	1.500029e+001
5.316476001042244e-006	1.500013e+001	1.500028e+001
5.332101001042244e-006	1.500011e+001	1.500025e+001
5.347726001042244e-006	1.500008e+001	1.500022e+001
5.363351001042245e-006	1.500006e+001	1.500019e+001
5.378976001042245e-006	1.500004e+001	1.500016e+001
5.394601001042246e-006	1.500002e+001	1.500013e+001
5.418038501042246e-006	1.499999e+001	1.500010e+001
5.441476001042247e-006	1.499996e+001	1.500006e+001
5.464913501042247e-006	1.499994e+001	1.500003e+001
5.488351001042248e-006	1.499992e+001	1.500000e+001
5.511788501042248e-006	1.499990e+001	1.499998e+001
5.530761715327963e-006	1.499989e+001	1.499996e+001
5.549734929613677e-006	1.499988e+001	1.499994e+001
5.568708143899392e-006	1.499988e+001	1.499993e+001
5.587681358185107e-006	1.499987e+001	1.499991e+001
5.606654572470822e-006	1.499987e+001	1.499990e+001
5.625627786756537e-006	1.499986e+001	1.499989e+001
5.644601001042252e-006	1.499986e+001	1.499989e+001
5.660226001042252e-006	1.499986e+001	1.499988e+001
5.675851001042252e-006	1.499986e+001	1.499988e+001
5.691476001042253e-006	1.499986e+001	1.499987e+001
5.699288501042253e-006	1.499986e+001	1.499987e+001
5.707101001042253e-006	1.499986e+001	1.499987e+001
5.714913501042253e-006	1.499986e+001	1.499987e+001
5.722726001042253e-006	1.499987e+001	1.499987e+001
5.730538501042254e-006	1.499987e+001	1.499987e+001
5.738351001042254e-006	1.499987e+001	1.499987e+001
5.746163501042254e-006	1.499987e+001	1.499987e+001
5.753976001042254e-006	1.499987e+001	1.499987e+001
5.761788501042254e-006	1.499987e+001	1.499987e+001
5.769601001042255e-006	1.499987e+001	1.499987e+001
5.777413501042255e-006	1.499988e+001	1.499987e+001
5.785226001042255e-006	1.499988e+001	1.499987e+001
5.793038501042255e-006	1.499988e+001	1.499987e+001
5.800851001042255e-006	1.499988e+001	1.499987e+001
5.808663501042256e-006	1.499988e+001	1.499987e+001
5.816476001042256e-006	1.499989e+001	1.499988e+001
5.824288501042256e-006	1.499989e+001	1.499988e+001
5.832101001042256e-006	1.499989e+001	1.499988e+001
5.839913501042256e-006	1.499989e+001	1.499988e+001
5.847726001042257e-006	1.499990e+001	1.499988e+001
5.855538501042257e-006	1.499990e+001	1.499988e+001
5.871163501042257e-006	1.499990e+001	1.499989e+001
5.886788501042257e-006	1.499991e+001	1.499989e+001
5.902413501042258e-006	1.499992e+001	1.499990e+001
5.918038501042258e-006	1.499992e+001	1.499990e+001
5.933663501042259e-006	1.499993e+001	1.499990e+001
5.957101001042259e-006	1.499993e+001	1.499991e+001
5.980538501042260e-006	1.499994e+001	1.499992e+001
5.996163501042260e-006	1.499995e+001	1.499992e+001
6.011788501042261e-006	1.499995e+001	1.499993e+001
6.027413501042261e-006	1.499996e+001	1.499993e+001
6.035226001042261e-006	1.499996e+001	1.499994e+001
6.050000000000001e-006	1.499996e+001	1.499994e+001
6.050011118924949e-006	1.499996e+001	1.499994e+001
6.050033356774847e-006	1.499995e+001	1.499994e+001
6.050043173377046e-006	1.499994e+001	1.499994e+001
6.050055029331695e-006	1.499993e+001	1.499994e+001
6.050078741240993e-006	1.499989e+001	1.499994e+001
6.050125426995350e-006	1.499979e+001	1.499994e+001
6.050173396995680e-006	1.499967e+001	1.499994e+001
6.050215463548826e-006	1.499952e+001	1.499994e+001
6.050264689737753e-006	1.499933e+001	1.499994e+001
6.050316781474789e-006	1.499910e+001	1.499994e+001
6.050412379361261e-006	1.499860e+001	1.499994e+001
6.050539098140353e-006	1.499786e+001	1.499994e+001
6.050726478929418e-006	1.499662e+001	1.499993e+001
6.050906034511558e-006	1.499531e+001	1.499992e+001
6.051096752172763e-006	1.499381e+001	1.499990e+001
6.051363924918909e-006	1.499150e+001	1.499987e+001
6.051811431230881e-006	1.498723e+001	1.499980e+001
6.052443563201953e-006	1.498038e+001	1.499965e+001
6.053347452849108e-006	1.496909e+001	1.499931e+001
6.054554036411118e-006	1.495150e+001	1.499860e+001
6.056229137662688e-006	1.492288e+001	1.499705e+001
6.058530976081852e-006	1.487675e+001	1.499368e+001
6.061861607730191e-006	1.479858e+001	1.498593e+001
6.066391452984689e-006	1.467420e+001	1.496925e+001
6.072778585262719e-006	1.446938e+001	1.493294e+001
6.080591085262720e-006	1.417899e+001	1.486799e+001
6.088403585262720e-006	1.385109e+001	1.478179e+001
6.092432170525439e-006	1.366683e+001	1.472826e+001
6.093513289021805e-006	1.361383e+001	1.471168e+001
6.094594407518171e-006	1.355996e+001	1.469455e+001
6.095675526014536e-006	1.350523e+001	1.467685e+001
6.096756644510903e-006	1.344963e+001	1.465859e+001
6.097837763007269e-006	1.339318e+001	1.463977e+001
6.098918881503634e-006	1.333586e+001	1.462038e+001
6.100000000000000e-006	1.327768e+001	1.460044e+001
6.100071699930083e-006	1.327390e+001	1.459909e+001
6.100215099790250e-006	1.326654e+001	1.459639e+001
6.100501899510584e-006	1.325236e+001	1.459095e+001
6.101075498951250e-006	1.322511e+001	1.457994e+001
6.102222697832583e-006	1.317284e+001	1.455747e+001
6.104517095595250e-006	1.307385e+001	1.451093e+001
6.109105891120583e-006	1.288772e+001	1.441284e+001
6.116918391120583e-006	1.258502e+001	1.423535e+001
6.124730891120583e-006	1.228764e+001	1.404645e+001
6.132543391120583e-006	1.198931e+001	1.384612e+001
6.140355891120584e-006	1.168745e+001	1.363531e+001
6.155980891120584e-006	1.107327e+001	1.318511e+001
6.171605891120584e-006	1.044815e+001	1.270111e+001
6.187230891120585e-006	9.816029e+000	1.218827e+001
6.202855891120585e-006	9.180622e+000	1.165132e+001
6.218480891120585e-006	8.545403e+000	1.109475e+001
6.234105891120586e-006	7.913580e+000	1.052284e+001
6.241918391120586e-006	7.599876e+000	1.023241e+001
6.249730891120586e-006	7.288113e+000	9.939631e+000
6.257543391120586e-006	6.978619e+000	9.644979e+000
6.265355891120587e-006	6.671709e+000	9.348904e+000
6.273168391120587e-006	6.367685e+000	9.051843e+000
6.280980891120587e-006	6.066832e+000	8.754217e+000
6.288793391120587e-006	5.769419e+000	8.456434e+000
6.296605891120587e-006	5.475702e+000	8.158883e+000
6.304418391120588e-006	5.185924e+000	7.861942e+000
6.312230891120588e-006	4.900310e+000	7.565971e+000
6.320043391120588e-006	4.619075e+000	7.271317e+000
6.327855891120588e-006	4.342418e+000	6.978313e+000
6.335668391120588e-006	4.070525e+000	6.687276e+000
6.343480891120588e-006	3.803569e+000	6.398508e+000
6.351293391120589e-006	3.541711e+000	6.112297e+000
6.359105891120589e-006	3.285097e+000	5.828919e+000
6.366918391120589e-006	3.033864e+000	5.548634e+000
6.374730891120589e-006	2.788134e+000	5.271688e+000
6.382543391120589e-006	2.548019e+000	4.998314e+000
6.390355891120590e-006	2.313619e+000	4.728732e+000
6.398168391120590e-006	2.085023e+000	4.463150e+000
6.413793391120590e-006	1.645543e+000	3.944741e+000
6.429418391120591e-006	1.230078e+000	3.444488e+000
6.437230891120591e-006	1.031464e+000	3.201553e+000
6.445043391120591e-006	8.389697e-001	2.963592e+000
6.452855891120591e-006	6.526148e-001	2.730728e+000
6.460668391120591e-006	4.724098e-001	2.503070e+000
6.468480891120592e-006	2.983572e-001	2.280717e+000
6.476293391120592e-006	1.304512e-001	2.063759e+000
6.484105891120592e-006	-3.132142e-002	1.852273e+000
6.491918391120592e-006	-1.869816e-001	1.646327e+000
6.499730891120592e-006	-3.365574e-001	1.445981e+000
6.507543391120592e-006	-4.800835e-001	1.251283e+000
6.515355891120593e-006	-6.176012e-001	1.062274e+000
6.523168391120593e-006	-7.491582e-001	8.789838e-001
6.530980891120593e-006	-8.748078e-001	7.014359e-001
6.538793391120593e-006	-9.946093e-001	5.296441e-001
6.546605891120593e-006	-1.108627e+000	3.636149e-001
6.554418391120594e-006	-1.216931e+000	2.033468e-001
6.562230891120594e-006	-1.319594e+000	4.883092e-002
6.570043391120594e-006	-1.416697e+000	-9.994861e-002
6.577855891120594e-006	-1.508321e+000	-2.430146e-001
6.585668391120594e-006	-1.594555e+000	-3.803962e-001
6.593480891120595e-006	-1.675488e+000	-5.121292e-001
6.601293391120595e-006	-1.751215e+000	-6.382551e-001
6.609105891120595e-006	-1.821834e+000	-7.588209e-001
6.616918391120595e-006	-1.887444e+000	-8.738795e-001
6.624730891120595e-006	-1.948149e+000	-9.834886e-001
6.632543391120596e-006	-2.004055e+000	-1.087711e+000
6.640355891120596e-006	-2.055268e+000	-1.186614e+000
6.648168391120596e-006	-2.101900e+000	-1.280269e+000
6.655980891120596e-006	-2.144061e+000	-1.368752e+000
6.671605891120596e-006	-2.215426e+000	-1.530523e+000
6.687230891120597e-006	-2.270285e+000	-1.672608e+000
6.702855891120597e-006	-2.309575e+000	-1.795733e+000
6.718480891120598e-006	-2.334244e+000	-1.900671e+000
6.734105891120598e-006	-2.345243e+000	-1.988228e+000
6.749730891120598e-006	-2.343523e+000	-2.059240e+000
6.765355891120599e-006	-2.330030e+000	-2.114565e+000
6.773168391120599e-006	-2.319162e+000	-2.136618e+000
6.780980891120599e-006	-2.305700e+000	-2.155078e+000
6.788793391120599e-006	-2.289759e+000	-2.170056e+000
6.796605891120599e-006	-2.271454e+000	-2.181664e+000
6.804418391120600e-006	-2.250896e+000	-2.190012e+000
6.812230891120600e-006	-2.228196e+000	-2.195213e+000
6.820043391120600e-006	-2.203465e+000	-2.197378e+000
6.827855891120600e-006	-2.176811e+000	-2.196618e+000
6.835668391120600e-006	-2.148340e+000	-2.193043e+000
6.843480891120601e-006	-2.118157e+000	-2.186765e+000
6.851293391120601e-006	-2.086366e+000	-2.177892e+000
6.859105891120601e-006	-2.053068e+000	-2.166534e+000
6.866918391120601e-006	-2.018363e+000	-2.152798e+000
6.874730891120601e-006	-1.982348e+000	-2.136792e+000
6.882543391120602e-006	-1.945120e+000	-2.118621e+000
6.890355891120602e-006	-1.906771e+000	-2.098391e+000
6.898168391120602e-006	-1.867395e+000	-2.076204e+000
6.905980891120602e-006	-1.827080e+000	-2.052163e+000
6.913793391120602e-006	-1.785913e+000	-2.026368e+000
6.921605891120603e-006	-1.743980e+000	-1.998920e+000
6.929418391120603e-006	-1.701364e+000	-1.969914e+000
6.937230891120603e-006	-1.658146e+000	-1.939448e+000
6.952855891120603e-006	-1.570215e+000	-1.874509e+000
6.968480891120604e-006	-1.480787e+000	-1.804835e+000
6.984105891120604e-006	-1.390428e+000	-1.731129e+000
6.999730891120604e-006	-1.299664e+000	-1.654061e+000
7.015355891120605e-006	-1.208986e+000	-1.574271e+000
7.030980891120605e-006	-1.118848e+000	-1.492365e+000
7.038793391120605e-006	-1.074114e+000	-1.450798e+000
7.046605891120606e-006	-1.029668e+000	-1.408913e+000
7.054418391120606e-006	-9.855586e-001	-1.366778e+000
7.062230891120606e-006	-9.418290e-001	-1.324455e+000
7.070043391120606e-006	-8.985220e-001	-1.282006e+000
7.077855891120606e-006	-8.556775e-001	-1.239492e+000
7.085668391120607e-006	-8.133338e-001	-1.196969e+000
7.093480891120607e-006	-7.715269e-001	-1.154493e+000
7.101293391120607e-006	-7.302906e-001	-1.112118e+000
7.109105891120607e-006	-6.896569e-001	-1.069894e+000
7.116918391120607e-006	-6.496559e-001	-1.027869e+000
7.124730891120607e-006	-6.103154e-001	-9.860926e-001
7.132543391120608e-006	-5.716618e-001	-9.446075e-001
7.140355891120608e-006	-5.337192e-001	-9.034570e-001
7.148168391120608e-006	-4.965099e-001	-8.626819e-001
7.155980891120608e-006	-4.600547e-001	-8.223207e-001
7.163793391120608e-006	-4.243724e-001	-7.824103e-001
7.171605891120609e-006	-3.894801e-001	-7.429852e-001
7.179418391120609e-006	-3.553935e-001	-7.040784e-001
7.187230891120609e-006	-3.221263e-001	-6.657208e-001
7.195043391120609e-006	-2.896909e-001	-6.279413e-001
7.210668391120610e-006	-2.273569e-001	-5.542237e-001
7.226293391120610e-006	-1.684598e-001	-4.831217e-001
7.234105891120610e-006	-1.403153e-001	-4.486053e-001
7.241918391120610e-006	-1.130455e-001	-4.148039e-001
7.249730891120611e-006	-8.665302e-002	-3.817343e-001
7.257543391120611e-006	-6.113899e-002	-3.494119e-001
7.265355891120611e-006	-3.650346e-002	-3.178505e-001
7.273168391120611e-006	-1.274535e-002	-2.870624e-001
7.280980891120611e-006	1.013753e-002	-2.570584e-001
7.288793391120611e-006	3.214841e-002	-2.278478e-001
7.296605891120612e-006	5.329155e-002	-1.994388e-001
7.304418391120612e-006	7.357214e-002	-1.718379e-001
7.312230891120612e-006	9.299631e-002	-1.450506e-001
7.320043391120612e-006	1.115711e-001	-1.190810e-001
7.327855891120612e-006	1.293043e-001	-9.393207e-002
7.335668391120613e-006	1.462046e-001	-6.960548e-002
7.343480891120613e-006	1.622813e-001	-4.610186e-002
7.351293391120613e-006	1.775446e-001	-2.342076e-002
7.359105891120613e-006	1.920052e-001	-1.560654e-003
7.366918391120613e-006	2.056746e-001	1.948099e-002
7.374730891120614e-006	2.185648e-001	3.970765e-002
7.382543391120614e-006	2.306883e-001	5.912375e-002
7.390355891120614e-006	2.420582e-001	7.773457e-002
7.398168391120614e-006	2.526881e-001	9.554628e-002
7.405980891120614e-006	2.625920e-001	1.125658e-001
7.413793391120614e-006	2.717844e-001	1.288008e-001
7.421605891120615e-006	2.802800e-001	1.442598e-001
7.429418391120615e-006	2.880940e-001	1.589519e-001
7.437230891120615e-006	2.952419e-001	1.728868e-001
7.445043391120615e-006	3.017394e-001	1.860749e-001
7.460668391120616e-006	3.128476e-001	2.102553e-001
7.476293391120616e-006	3.215489e-001	2.315869e-001
7.491918391120616e-006	3.279766e-001	2.501714e-001
7.507543391120617e-006	3.322654e-001	2.661166e-001
7.523168391120617e-006	3.345512e-001	2.795361e-001
7.538793391120618e-006	3.349698e-001	2.905477e-001
7.554418391120618e-006	3.336567e-001	2.992729e-001
7.562230891120618e-006	3.323928e-001	3.028167e-001
7.570043391120618e-006	3.307461e-001	3.058357e-001
7.577855891120618e-006	3.287332e-001	3.083456e-001
7.585668391120619e-006	3.263704e-001	3.103622e-001
7.593480891120619e-006	3.236739e-001	3.119015e-001
7.601293391120619e-006	3.206598e-001	3.129793e-001
7.609105891120619e-006	3.173438e-001	3.136117e-001
7.616918391120619e-006	3.137416e-001	3.138144e-001
7.624730891120620e-006	3.098685e-001	3.136034e-001
7.632543391120619e-006	3.057398e-001	3.129945e-001
7.640355891120618e-006	3.013704e-001	3.120034e-001
7.648168391120618e-006	2.967750e-001	3.106457e-001
7.655980891120617e-006	2.919680e-001	3.089370e-001
7.663793391120616e-006	2.869636e-001	3.068925e-001
7.671605891120616e-006	2.817756e-001	3.045277e-001
7.679418391120615e-006	2.764177e-001	3.018575e-001
7.687230891120614e-006	2.709032e-001	2.988968e-001
7.695043391120614e-006	2.652450e-001	2.956605e-001
7.702855891120613e-006	2.594560e-001	2.921630e-001
7.710668391120612e-006	2.535484e-001	2.884187e-001
7.718480891120612e-006	2.475345e-001	2.844417e-001
7.726293391120611e-006	2.414260e-001	2.802458e-001
7.734105891120610e-006	2.352343e-001	2.758448e-001
7.749730891120609e-006	2.226456e-001	2.664804e-001
7.765355891120608e-006	2.098536e-001	2.564527e-001
7.780980891120606e-006	1.969382e-001	2.458614e-001
7.796605891120605e-006	1.839742e-001	2.348017e-001
7.812230891120604e-006	1.710309e-001	2.233645e-001
7.827855891120603e-006	1.581725e-001	2.116355e-001
7.835668391120602e-006	1.517938e-001	2.056871e-001
7.843480891120601e-006	1.454581e-001	1.996958e-001
7.851293391120601e-006	1.391719e-001	1.936710e-001
7.859105891120600e-006	1.329416e-001	1.876216e-001
7.866918391120599e-006	1.267730e-001	1.815565e-001
7.874730891120599e-006	1.206720e-001	1.754840e-001
7.882543391120598e-006	1.146437e-001	1.694124e-001
7.890355891120597e-006	1.086934e-001	1.633494e-001
7.898168391120597e-006	1.028257e-001	1.573026e-001
7.905980891120596e-006	9.704521e-002	1.512792e-001
7.913793391120595e-006	9.135608e-002	1.452861e-001
7.921605891120595e-006	8.576225e-002	1.393299e-001
7.929418391120594e-006	8.026738e-002	1.334169e-001
7.937230891120593e-006	7.487488e-002	1.275532e-001
7.945043391120593e-006	6.958788e-002	1.217445e-001
7.952855891120592e-006	6.440926e-002	1.159963e-001
7.960668391120591e-006	5.934165e-002	1.103137e-001
7.968480891120591e-006	5.438746e-002	1.047017e-001
7.976293391120590e-006	4.954883e-002	9.916477e-002
7.984105891120589e-006	4.482769e-002	9.370735e-002
7.999730891120588e-006	3.571500e-002	8.302503e-002
8.000000000000000e-006	3.556174e-002	8.284373e-002
