time	V(n003)	V(n006)
0.000000000000000e+000	0.000000e+000	0.000000e+000
1.000000000000000e-006	0.000000e+000	0.000000e+000
1.000017187500000e-006	3.924868e-005	2.652472e-009
1.000051562500000e-006	1.565424e-004	1.268717e-008
1.000066837288711e-006	2.357071e-004	2.145368e-008
1.000086202872245e-006	3.726942e-004	4.049433e-008
1.000107402641148e-006	5.539856e-004	7.140650e-008
1.000128241816654e-006	7.645878e-004	1.150308e-007
1.000153001942836e-006	1.054315e-003	1.872456e-007
1.000181652156621e-006	1.437459e-003	3.021288e-007
1.000216973010575e-006	1.973477e-003	4.962790e-007
1.000259237408311e-006	2.696232e-003	8.149046e-007
1.000311955777554e-006	3.704723e-003	1.360756e-006
1.000377083185616e-006	5.086401e-003	2.289525e-006
1.000460456060387e-006	7.029471e-003	3.933965e-006
1.000568080033115e-006	9.756312e-003	6.889895e-006
1.000712662842877e-006	1.369904e-002	1.247777e-005
1.000912781911314e-006	1.952802e-002	2.354711e-005
1.001205186795291e-006	2.861016e-002	4.720677e-005
1.001639535523063e-006	4.313269e-002	1.005656e-004
1.002342858506684e-006	6.890651e-002	2.353722e-004
1.003367832115699e-006	1.109346e-001	5.472513e-004
1.004823223986299e-006	1.788009e-001	1.253405e-003
1.006804324542227e-006	2.846645e-001	2.780398e-003
1.009509211902036e-006	4.503494e-001	6.075886e-003
1.013224504301226e-006	7.096810e-001	1.319718e-002
1.018390916479656e-006	1.116023e+000	2.857895e-002
1.025243200890081e-006	1.713299e+000	5.912974e-002
1.033055700890081e-006	2.454542e+000	1.085256e-001
1.040868200890081e-006	3.239723e+000	1.709824e-001
1.042187500000000e-006	3.377665e+000	1.834115e-001
1.044826098219838e-006	3.662124e+000	2.116153e-001
1.050000000000000e-006	4.228563e+000	2.705263e-001
1.050517390178016e-006	4.274878e+000	2.770205e-001
1.051552170534049e-006	4.359996e+000	2.901776e-001
1.053621731246113e-006	4.510395e+000	3.172218e-001
1.057760852670243e-006	4.769813e+000	3.733799e-001
1.063111755645926e-006	5.050609e+000	4.492624e-001
1.070924255645926e-006	5.394858e+000	5.650262e-001
1.078736755645926e-006	5.697647e+000	6.853201e-001
1.086549255645926e-006	5.976203e+000	8.097285e-001
1.094361755645926e-006	6.242080e+000	9.377065e-001
1.102174255645926e-006	6.499997e+000	1.068918e+000
1.109986755645926e-006	6.751904e+000	1.203118e+000
1.125611755645926e-006	7.240470e+000	1.479667e+000
1.141236755645926e-006	7.710235e+000	1.765879e+000
1.156861755645926e-006	8.161860e+000	2.060412e+000
1.172486755645926e-006	8.595725e+000	2.362014e+000
1.188111755645926e-006	9.012175e+000	2.669508e+000
1.203736755645926e-006	9.411558e+000	2.981790e+000
1.219361755645926e-006	9.794237e+000	3.297826e+000
1.227174255645926e-006	9.979428e+000	3.456947e+000
1.234986755645926e-006	1.016058e+001	3.616648e+000
1.242799255645925e-006	1.033775e+001	3.776820e+000
1.250611755645925e-006	1.051097e+001	3.937355e+000
1.258424255645925e-006	1.068031e+001	4.098148e+000
1.266236755645925e-006	1.084580e+001	4.259102e+000
1.274049255645925e-006	1.100750e+001	4.420120e+000
1.281861755645925e-006	1.116546e+001	4.581109e+000
1.289674255645925e-006	1.131972e+001	4.741980e+000
1.297486755645925e-006	1.147034e+001	4.902647e+000
1.305299255645925e-006	1.161736e+001	5.063029e+000
1.313111755645925e-006	1.176085e+001	5.223045e+000
1.320924255645925e-006	1.190084e+001	5.382620e+000
1.328736755645925e-006	1.203739e+001	5.541680e+000
1.336549255645925e-006	1.217055e+001	5.700156e+000
1.344361755645925e-006	1.230037e+001	5.857980e+000
1.352174255645925e-006	1.242691e+001	6.015088e+000
1.359986755645925e-006	1.255020e+001	6.171419e+000
1.367799255645925e-006	1.267031e+001	6.326913e+000
1.375611755645925e-006	1.278728e+001	6.481515e+000
1.383424255645925e-006	1.290117e+001	6.635171e+000
1.391236755645925e-006	1.301202e+001	6.787830e+000
1.399049255645925e-006	1.311988e+001	6.939443e+000
1.406861755645925e-006	1.322481e+001	7.089964e+000
1.414674255645925e-006	1.332685e+001	7.239349e+000
1.422486755645925e-006	1.342606e+001	7.387557e+000
1.430299255645925e-006	1.352247e+001	7.534548e+000
1.438111755645925e-006	1.361616e+001	7.680285e+000
1.453736755645925e-006	1.379550e+001	7.967855e+000
1.469361755645925e-006	1.396447e+001	8.250011e+000
1.484986755645925e-006	1.412346e+001	8.526526e+000
1.500611755645925e-006	1.427283e+001	8.797202e+000
1.524049255645925e-006	1.447966e+001	9.191896e+000
1.547486755645925e-006	1.466692e+001	9.572601e+000
1.570924255645925e-006	1.483577e+001	9.938964e+000
1.594361755645925e-006	1.498738e+001	1.029074e+001
1.617799255645924e-006	1.512284e+001	1.062777e+001
1.633424255645924e-006	1.520471e+001	1.084424e+001
1.649049255645924e-006	1.528019e+001	1.105414e+001
1.664674255645924e-006	1.534957e+001	1.125747e+001
1.680299255645924e-006	1.541315e+001	1.145427e+001
1.688111755645924e-006	1.544285e+001	1.155023e+001
1.695924255645924e-006	1.547120e+001	1.164458e+001
1.703736755645924e-006	1.549824e+001	1.173732e+001
1.711549255645924e-006	1.552401e+001	1.182845e+001
1.719361755645924e-006	1.554852e+001	1.191799e+001
1.727174255645924e-006	1.557182e+001	1.200595e+001
1.734986755645924e-006	1.559394e+001	1.209233e+001
1.742799255645924e-006	1.561491e+001	1.217715e+001
1.750611755645924e-006	1.563476e+001	1.226041e+001
1.758424255645924e-006	1.565352e+001	1.234212e+001
1.766236755645924e-006	1.567122e+001	1.242230e+001
1.774049255645924e-006	1.568789e+001	1.250097e+001
1.781861755645924e-006	1.570356e+001	1.257812e+001
1.789674255645924e-006	1.571826e+001	1.265377e+001
1.805299255645924e-006	1.574484e+001	1.280065e+001
1.820924255645924e-006	1.576785e+001	1.294169e+001
1.836549255645924e-006	1.578751e+001	1.307703e+001
1.859986755645924e-006	1.581113e+001	1.326957e+001
1.883424255645924e-006	1.582829e+001	1.344994e+001
1.906861755645924e-006	1.583959e+001	1.361855e+001
1.930299255645924e-006	1.584561e+001	1.377585e+001
1.954852827074496e-006	1.584563e+001	1.392769e+001
1.979406398503068e-006	1.584225e+001	1.406942e+001
2.003959969931640e-006	1.583547e+001	1.420103e+001
2.028513541360212e-006	1.582527e+001	1.432253e+001
2.053067112788784e-006	1.581167e+001	1.443392e+001
2.077620684217356e-006	1.579467e+001	1.453519e+001
2.102174255645928e-006	1.577426e+001	1.462635e+001
2.131192112788786e-006	1.574792e+001	1.472307e+001
2.160209969931644e-006	1.572047e+001	1.481079e+001
2.189227827074502e-006	1.569190e+001	1.488950e+001
2.218245684217360e-006	1.566221e+001	1.495922e+001
2.247263541360218e-006	1.563140e+001	1.501994e+001
2.276281398503075e-006	1.559947e+001	1.507165e+001
2.305299255645933e-006	1.556643e+001	1.511437e+001
2.327620684217362e-006	1.554153e+001	1.514342e+001
2.349942112788791e-006	1.551698e+001	1.516942e+001
2.372263541360221e-006	1.549276e+001	1.519238e+001
2.394584969931650e-006	1.546888e+001	1.521228e+001
2.416906398503079e-006	1.544533e+001	1.522914e+001
2.439227827074508e-006	1.542212e+001	1.524295e+001
2.461549255645937e-006	1.539925e+001	1.525371e+001
2.477174255645937e-006	1.538369e+001	1.526028e+001
2.492799255645938e-006	1.536841e+001	1.526580e+001
2.508424255645938e-006	1.535344e+001	1.527033e+001
2.524049255645938e-006	1.533877e+001	1.527395e+001
2.531861755645939e-006	1.533156e+001	1.527542e+001
2.539674255645939e-006	1.532442e+001	1.527670e+001
2.547486755645939e-006	1.531737e+001	1.527776e+001
2.555299255645939e-006	1.531041e+001	1.527864e+001
2.563111755645939e-006	1.530352e+001	1.527932e+001
2.570924255645940e-006	1.529672e+001	1.527982e+001
2.578736755645940e-006	1.529001e+001	1.528015e+001
2.586549255645940e-006	1.528338e+001	1.528031e+001
2.594361755645940e-006	1.527684e+001	1.528030e+001
2.602174255645940e-006	1.527039e+001	1.528014e+001
2.609986755645941e-006	1.526402e+001	1.527983e+001
2.617799255645941e-006	1.525774e+001	1.527937e+001
2.625611755645941e-006	1.525155e+001	1.527877e+001
2.633424255645941e-006	1.524544e+001	1.527804e+001
2.641236755645941e-006	1.523943e+001	1.527718e+001
2.649049255645941e-006	1.523350e+001	1.527620e+001
2.656861755645942e-006	1.522766e+001	1.527510e+001
2.664674255645942e-006	1.522191e+001	1.527388e+001
2.672486755645942e-006	1.521625e+001	1.527256e+001
2.680299255645942e-006	1.521067e+001	1.527113e+001
2.688111755645942e-006	1.520519e+001	1.526961e+001
2.695924255645943e-006	1.519979e+001	1.526798e+001
2.703736755645943e-006	1.519448e+001	1.526627e+001
2.711549255645943e-006	1.518926e+001	1.526448e+001
2.719361755645943e-006	1.518412e+001	1.526260e+001
2.727174255645943e-006	1.517907e+001	1.526064e+001
2.734986755645944e-006	1.517411e+001	1.525861e+001
2.742799255645944e-006	1.516923e+001	1.525651e+001
2.750611755645944e-006	1.516444e+001	1.525435e+001
2.758424255645944e-006	1.515974e+001	1.525212e+001
2.774049255645945e-006	1.515058e+001	1.524749e+001
2.789674255645945e-006	1.514175e+001	1.524265e+001
2.805299255645945e-006	1.513326e+001	1.523763e+001
2.828736755645946e-006	1.512112e+001	1.522982e+001
2.844361755645946e-006	1.511342e+001	1.522444e+001
2.859986755645947e-006	1.510604e+001	1.521897e+001
2.875611755645947e-006	1.509895e+001	1.521341e+001
2.891236755645947e-006	1.509216e+001	1.520778e+001
2.899049255645948e-006	1.508888e+001	1.520495e+001
2.906861755645948e-006	1.508567e+001	1.520211e+001
2.914674255645948e-006	1.508252e+001	1.519926e+001
2.922486755645948e-006	1.507945e+001	1.519640e+001
2.930299255645948e-006	1.507645e+001	1.519354e+001
2.938111755645948e-006	1.507351e+001	1.519068e+001
2.945924255645949e-006	1.507065e+001	1.518781e+001
2.953736755645949e-006	1.506785e+001	1.518495e+001
2.961549255645949e-006	1.506511e+001	1.518209e+001
2.969361755645949e-006	1.506244e+001	1.517923e+001
2.977174255645949e-006	1.505983e+001	1.517638e+001
2.984986755645950e-006	1.505729e+001	1.517354e+001
2.992799255645950e-006	1.505481e+001	1.517070e+001
3.000611755645950e-006	1.505239e+001	1.516787e+001
3.008424255645950e-006	1.505002e+001	1.516505e+001
3.016236755645950e-006	1.504772e+001	1.516225e+001
3.024049255645951e-006	1.504548e+001	1.515946e+001
3.031861755645951e-006	1.504329e+001	1.515668e+001
3.039674255645951e-006	1.504116e+001	1.515391e+001
3.047486755645951e-006	1.503909e+001	1.515117e+001
3.055299255645951e-006	1.503707e+001	1.514843e+001
3.063111755645952e-006	1.503511e+001	1.514572e+001
3.070924255645952e-006	1.503320e+001	1.514303e+001
3.078736755645952e-006	1.503134e+001	1.514035e+001
3.086549255645952e-006	1.502953e+001	1.513770e+001
3.094361755645952e-006	1.502777e+001	1.513506e+001
3.102174255645952e-006	1.502606e+001	1.513245e+001
3.109986755645953e-006	1.502440e+001	1.512986e+001
3.125611755645953e-006	1.502122e+001	1.512475e+001
3.141236755645953e-006	1.501823e+001	1.511974e+001
3.156861755645954e-006	1.501541e+001	1.511483e+001
3.180299255645954e-006	1.501151e+001	1.510766e+001
3.203736755645955e-006	1.500796e+001	1.510073e+001
3.227174255645956e-006	1.500476e+001	1.509405e+001
3.250611755645956e-006	1.500187e+001	1.508764e+001
3.271817112788814e-006	1.499955e+001	1.508205e+001
3.293022469931671e-006	1.499743e+001	1.507669e+001
3.314227827074529e-006	1.499550e+001	1.507153e+001
3.335433184217387e-006	1.499378e+001	1.506659e+001
3.356638541360245e-006	1.499225e+001	1.506187e+001
3.377843898503102e-006	1.499091e+001	1.505735e+001
3.399049255645960e-006	1.498978e+001	1.505305e+001
3.422486755645960e-006	1.498866e+001	1.504854e+001
3.445924255645961e-006	1.498773e+001	1.504427e+001
3.469361755645961e-006	1.498695e+001	1.504024e+001
3.496147469931676e-006	1.498628e+001	1.503596e+001
3.522933184217391e-006	1.498574e+001	1.503194e+001
3.549718898503106e-006	1.498533e+001	1.502819e+001
3.576504612788821e-006	1.498506e+001	1.502471e+001
3.603290327074536e-006	1.498492e+001	1.502150e+001
3.630076041360251e-006	1.498491e+001	1.501856e+001
3.656861755645966e-006	1.498503e+001	1.501589e+001
3.691459969931681e-006	1.498530e+001	1.501279e+001
3.726058184217396e-006	1.498565e+001	1.500999e+001
3.760656398503111e-006	1.498607e+001	1.500748e+001
3.795254612788827e-006	1.498655e+001	1.500526e+001
3.829852827074542e-006	1.498710e+001	1.500334e+001
3.864451041360256e-006	1.498773e+001	1.500170e+001
3.899049255645972e-006	1.498842e+001	1.500036e+001
3.924718898503115e-006	1.498892e+001	1.499947e+001
3.950388541360259e-006	1.498942e+001	1.499868e+001
3.976058184217402e-006	1.498993e+001	1.499797e+001
4.001727827074546e-006	1.499042e+001	1.499736e+001
4.027397469931689e-006	1.499092e+001	1.499683e+001
4.053067112788833e-006	1.499142e+001	1.499640e+001
4.078736755645976e-006	1.499191e+001	1.499605e+001
4.102174255645977e-006	1.499235e+001	1.499577e+001
4.125611755645977e-006	1.499278e+001	1.499554e+001
4.141236755645978e-006	1.499306e+001	1.499542e+001
4.156861755645978e-006	1.499333e+001	1.499531e+001
4.172486755645978e-006	1.499360e+001	1.499522e+001
4.188111755645979e-006	1.499386e+001	1.499515e+001
4.203736755645979e-006	1.499412e+001	1.499510e+001
4.211549255645979e-006	1.499425e+001	1.499508e+001
4.219361755645980e-006	1.499437e+001	1.499506e+001
4.227174255645980e-006	1.499450e+001	1.499504e+001
4.234986755645980e-006	1.499462e+001	1.499503e+001
4.242799255645980e-006	1.499474e+001	1.499502e+001
4.250611755645980e-006	1.499486e+001	1.499502e+001
4.258424255645981e-006	1.499497e+001	1.499501e+001
4.266236755645981e-006	1.499509e+001	1.499501e+001
4.274049255645981e-006	1.499520e+001	1.499502e+001
4.281861755645981e-006	1.499532e+001	1.499502e+001
4.289674255645981e-006	1.499543e+001	1.499503e+001
4.297486755645982e-006	1.499554e+001	1.499504e+001
4.305299255645982e-006	1.499565e+001	1.499506e+001
4.313111755645982e-006	1.499576e+001	1.499507e+001
4.320924255645982e-006	1.499586e+001	1.499509e+001
4.328736755645982e-006	1.499596e+001	1.499511e+001
4.336549255645982e-006	1.499607e+001	1.499513e+001
4.344361755645983e-006	1.499617e+001	1.499516e+001
4.352174255645983e-006	1.499627e+001	1.499518e+001
4.359986755645983e-006	1.499636e+001	1.499521e+001
4.367799255645983e-006	1.499646e+001	1.499524e+001
4.375611755645983e-006	1.499655e+001	1.499527e+001
4.383424255645984e-006	1.499665e+001	1.499530e+001
4.391236755645984e-006	1.499674e+001	1.499533e+001
4.399049255645984e-006	1.499683e+001	1.499537e+001
4.406861755645984e-006	1.499691e+001	1.499541e+001
4.414674255645984e-006	1.499700e+001	1.499544e+001
4.422486755645985e-006	1.499709e+001	1.499548e+001
4.430299255645985e-006	1.499717e+001	1.499552e+001
4.445924255645985e-006	1.499733e+001	1.499560e+001
4.461549255645986e-006	1.499749e+001	1.499569e+001
4.477174255645986e-006	1.499764e+001	1.499578e+001
4.500611755645986e-006	1.499785e+001	1.499592e+001
4.524049255645987e-006	1.499806e+001	1.499606e+001
4.539674255645987e-006	1.499819e+001	1.499616e+001
4.555299255645988e-006	1.499831e+001	1.499626e+001
4.570924255645988e-006	1.499843e+001	1.499636e+001
4.586549255645989e-006	1.499854e+001	1.499646e+001
4.602174255645989e-006	1.499865e+001	1.499656e+001
4.609986755645989e-006	1.499870e+001	1.499662e+001
4.617799255645989e-006	1.499875e+001	1.499667e+001
4.625611755645990e-006	1.499880e+001	1.499672e+001
4.641236755645990e-006	1.499890e+001	1.499682e+001
4.656861755645990e-006	1.499899e+001	1.499692e+001
4.672486755645991e-006	1.499907e+001	1.499702e+001
4.680299255645991e-006	1.499912e+001	1.499707e+001
4.688111755645991e-006	1.499916e+001	1.499712e+001
4.695924255645991e-006	1.499920e+001	1.499717e+001
4.703736755645991e-006	1.499924e+001	1.499722e+001
4.711549255645992e-006	1.499927e+001	1.499727e+001
4.719361755645992e-006	1.499931e+001	1.499732e+001
4.727174255645992e-006	1.499935e+001	1.499737e+001
4.734986755645992e-006	1.499938e+001	1.499741e+001
4.742799255645992e-006	1.499941e+001	1.499746e+001
4.750611755645993e-006	1.499945e+001	1.499751e+001
4.758424255645993e-006	1.499948e+001	1.499756e+001
4.766236755645993e-006	1.499951e+001	1.499760e+001
4.774049255645993e-006	1.499954e+001	1.499765e+001
4.789674255645993e-006	1.499960e+001	1.499774e+001
4.805299255645994e-006	1.499965e+001	1.499783e+001
4.820924255645994e-006	1.499970e+001	1.499792e+001
4.836549255645995e-006	1.499975e+001	1.499801e+001
4.859986755645995e-006	1.499982e+001	1.499813e+001
4.883424255645996e-006	1.499988e+001	1.499825e+001
4.906861755645996e-006	1.499994e+001	1.499837e+001
4.930299255645997e-006	1.499998e+001	1.499848e+001
4.954852827074569e-006	1.500003e+001	1.499860e+001
4.979406398503141e-006	1.500007e+001	1.499870e+001
5.003959969931713e-006	1.500011e+001	1.499881e+001
5.028513541360285e-006	1.500014e+001	1.499890e+001
5.053067112788857e-006	1.500017e+001	1.499900e+001
5.077620684217430e-006	1.500019e+001	1.499908e+001
5.102174255646001e-006	1.500021e+001	1.499917e+001
5.132308184217430e-006	1.500023e+001	1.499926e+001
5.162442112788860e-006	1.500024e+001	1.499935e+001
5.192576041360289e-006	1.500025e+001	1.499943e+001
5.222709969931719e-006	1.500026e+001	1.499950e+001
5.252843898503147e-006	1.500027e+001	1.499957e+001
5.282977827074577e-006	1.500027e+001	1.499964e+001
5.313111755646006e-006	1.500027e+001	1.499969e+001
5.348826041360293e-006	1.500026e+001	1.499975e+001
5.384540327074580e-006	1.500026e+001	1.499981e+001
5.420254612788866e-006	1.500025e+001	1.499985e+001
5.455968898503152e-006	1.500024e+001	1.499990e+001
5.491683184217439e-006	1.500023e+001	1.499993e+001
5.527397469931726e-006	1.500022e+001	1.499996e+001
5.563111755646012e-006	1.500021e+001	1.499999e+001
5.588781398503156e-006	1.500020e+001	1.500001e+001
5.614451041360299e-006	1.500019e+001	1.500002e+001
5.640120684217442e-006	1.500018e+001	1.500003e+001
5.665790327074587e-006	1.500017e+001	1.500004e+001
5.691459969931730e-006	1.500016e+001	1.500005e+001
5.717129612788873e-006	1.500016e+001	1.500006e+001
5.742799255646017e-006	1.500015e+001	1.500007e+001
5.766236755646017e-006	1.500014e+001	1.500007e+001
5.789674255646018e-006	1.500013e+001	1.500008e+001
5.813111755646018e-006	1.500012e+001	1.500008e+001
5.828736755646019e-006	1.500012e+001	1.500008e+001
5.844361755646019e-006	1.500011e+001	1.500008e+001
5.859986755646020e-006	1.500011e+001	1.500009e+001
5.875611755646020e-006	1.500010e+001	1.500009e+001
5.883424255646020e-006	1.500010e+001	1.500009e+001
5.891236755646020e-006	1.500010e+001	1.500009e+001
5.899049255646020e-006	1.500010e+001	1.500009e+001
5.906861755646021e-006	1.500010e+001	1.500009e+001
5.914674255646021e-006	1.500009e+001	1.500009e+001
5.922486755646021e-006	1.500009e+001	1.500009e+001
5.930299255646021e-006	1.500009e+001	1.500009e+001
5.938111755646021e-006	1.500009e+001	1.500009e+001
5.945924255646022e-006	1.500008e+001	1.500009e+001
5.953736755646022e-006	1.500008e+001	1.500009e+001
5.961549255646022e-006	1.500008e+001	1.500009e+001
5.969361755646022e-006	1.500008e+001	1.500009e+001
5.977174255646022e-006	1.500008e+001	1.500009e+001
5.992799255646023e-006	1.500007e+001	1.500009e+001
6.000611755646023e-006	1.500007e+001	1.500009e+001
6.008424255646023e-006	1.500007e+001	1.500009e+001
6.016236755646023e-006	1.500007e+001	1.500009e+001
6.024049255646024e-006	1.500007e+001	1.500009e+001
6.031861755646024e-006	1.500006e+001	1.500008e+001
6.039674255646024e-006	1.500006e+001	1.500008e+001
6.044973511292048e-006	1.500006e+001	1.500008e+001
6.050000000000001e-006	1.500006e+001	1.500008e+001
6.050011084417593e-006	1.500004e+001	1.500008e+001
6.050033253252777e-006	1.499999e+001	1.500008e+001
6.050052487059732e-006	1.499991e+001	1.500008e+001
6.050071561509609e-006	1.499979e+001	1.500008e+001
6.050109710409363e-006	1.499947e+001	1.500008e+001
6.050153539969760e-006	1.499898e+001	1.500008e+001
6.050209393873290e-006	1.499819e+001	1.500008e+001
6.050273985996303e-006	1.499708e+001	1.500008e+001
6.050344404589289e-006	1.499568e+001	1.500008e+001
6.050428666783484e-006	1.499379e+001	1.500008e+001
6.050531916104565e-006	1.499124e+001	1.500008e+001
6.050667847471477e-006	1.498761e+001	1.500007e+001
6.050851521007547e-006	1.498236e+001	1.500006e+001
6.051116394490604e-006	1.497427e+001	1.500004e+001
6.051507473429845e-006	1.496147e+001	1.500000e+001
6.052117060194154e-006	1.493972e+001	1.499990e+001
6.053058452022381e-006	1.490234e+001	1.499965e+001
6.054378897180056e-006	1.484294e+001	1.499908e+001
6.056211653395322e-006	1.474851e+001	1.499783e+001
6.058725052880728e-006	1.459975e+001	1.499510e+001
6.062267642110303e-006	1.436000e+001	1.498900e+001
6.067044790490434e-006	1.399433e+001	1.497617e+001
6.073463668452943e-006	1.344709e+001	1.494998e+001
6.081276168452943e-006	1.271917e+001	1.490419e+001
6.089088668452943e-006	1.194325e+001	1.484471e+001
6.092187500000001e-006	1.162204e+001	1.481657e+001
6.093802336905886e-006	1.144968e+001	1.480001e+001
6.097032010717656e-006	1.109844e+001	1.476423e+001
6.100000000000000e-006	1.077143e+001	1.472957e+001
6.100296798928235e-006	1.074354e+001	1.472586e+001
6.100890396784704e-006	1.069197e+001	1.471839e+001
6.102077592497642e-006	1.059877e+001	1.470319e+001
6.104451983923518e-006	1.043164e+001	1.467193e+001
6.108103204456890e-006	1.021131e+001	1.462190e+001
6.115405645523632e-006	9.844618e+000	1.451719e+001
6.123218145523633e-006	9.512100e+000	1.440024e+001
6.131030645523633e-006	9.218596e+000	1.427865e+001
6.138843145523633e-006	8.944645e+000	1.415314e+001
6.146655645523633e-006	8.681469e+000	1.402419e+001
6.154468145523633e-006	8.425465e+000	1.389207e+001
6.162280645523634e-006	8.175148e+000	1.375703e+001
6.177905645523634e-006	7.689420e+000	1.347897e+001
6.193530645523634e-006	7.222345e+000	1.319145e+001
6.209155645523635e-006	6.773347e+000	1.289580e+001
6.224780645523635e-006	6.342058e+000	1.259326e+001
6.240405645523635e-006	5.928135e+000	1.228499e+001
6.256030645523636e-006	5.531225e+000	1.197209e+001
6.271655645523636e-006	5.150966e+000	1.165559e+001
6.279468145523636e-006	4.966965e+000	1.149628e+001
6.287280645523637e-006	4.786985e+000	1.133643e+001
6.295093145523637e-006	4.610981e+000	1.117614e+001
6.302905645523637e-006	4.438902e+000	1.101552e+001
6.310718145523637e-006	4.270700e+000	1.085466e+001
6.318530645523637e-006	4.106327e+000	1.069368e+001
6.326343145523638e-006	3.945731e+000	1.053266e+001
6.334155645523638e-006	3.788865e+000	1.037169e+001
6.341968145523638e-006	3.635677e+000	1.021087e+001
6.349780645523638e-006	3.486117e+000	1.005028e+001
6.357593145523638e-006	3.340136e+000	9.889996e+000
6.365405645523638e-006	3.197682e+000	9.730100e+000
6.373218145523639e-006	3.058705e+000	9.570667e+000
6.381030645523639e-006	2.923154e+000	9.411770e+000
6.388843145523639e-006	2.790978e+000	9.253477e+000
6.396655645523639e-006	2.662127e+000	9.095856e+000
6.404468145523639e-006	2.536550e+000	8.938969e+000
6.412280645523640e-006	2.414195e+000	8.782876e+000
6.420093145523640e-006	2.295013e+000	8.627637e+000
6.427905645523640e-006	2.178953e+000	8.473306e+000
6.435718145523640e-006	2.065964e+000	8.319937e+000
6.443530645523640e-006	1.955997e+000	8.167579e+000
6.451343145523641e-006	1.849000e+000	8.016280e+000
6.459155645523641e-006	1.744924e+000	7.866087e+000
6.466968145523641e-006	1.643720e+000	7.717042e+000
6.474780645523641e-006	1.545337e+000	7.569187e+000
6.482593145523641e-006	1.449727e+000	7.422560e+000
6.490405645523642e-006	1.356840e+000	7.277198e+000
6.506030645523642e-006	1.179044e+000	6.990405e+000
6.521655645523642e-006	1.011561e+000	6.709061e+000
6.537280645523643e-006	8.540119e-001	6.433390e+000
6.552905645523643e-006	7.060217e-001	6.163586e+000
6.568530645523643e-006	5.672218e-001	5.899816e+000
6.584155645523644e-006	4.372503e-001	5.642221e+000
6.591968145523644e-006	3.754639e-001	5.515778e+000
6.599780645523644e-006	3.157520e-001	5.390921e+000
6.607593145523644e-006	2.580714e-001	5.267662e+000
6.615405645523645e-006	2.023792e-001	5.146011e+000
6.623218145523645e-006	1.486330e-001	5.025976e+000
6.631030645523645e-006	9.679104e-002	4.907565e+000
6.638843145523645e-006	4.681193e-002	4.790783e+000
6.646655645523645e-006	-1.345251e-003	4.675638e+000
6.654468145523646e-006	-4.772089e-002	4.562131e+000
6.662280645523646e-006	-9.235489e-002	4.450267e+000
6.670093145523646e-006	-1.352867e-001	4.340047e+000
6.677905645523646e-006	-1.765551e-001	4.231472e+000
6.685718145523646e-006	-2.161987e-001	4.124541e+000
6.693530645523646e-006	-2.542551e-001	4.019255e+000
6.701343145523647e-006	-2.907619e-001	3.915612e+000
6.709155645523647e-006	-3.257559e-001	3.813607e+000
6.716968145523647e-006	-3.592734e-001	3.713239e+000
6.724780645523647e-006	-3.913503e-001	3.614503e+000
6.732593145523647e-006	-4.220218e-001	3.517393e+000
6.740405645523648e-006	-4.513228e-001	3.421905e+000
6.748218145523648e-006	-4.792875e-001	3.328031e+000
6.756030645523648e-006	-5.059496e-001	3.235764e+000
6.763843145523648e-006	-5.313425e-001	3.145097e+000
6.771655645523648e-006	-5.554988e-001	3.056021e+000
6.779468145523649e-006	-5.784507e-001	2.968528e+000
6.787280645523649e-006	-6.002299e-001	2.882608e+000
6.795093145523649e-006	-6.208676e-001	2.798250e+000
6.802905645523649e-006	-6.403943e-001	2.715444e+000
6.810718145523649e-006	-6.588404e-001	2.634180e+000
6.818530645523649e-006	-6.762353e-001	2.554445e+000
6.826343145523650e-006	-6.926083e-001	2.476228e+000
6.834155645523650e-006	-7.079879e-001	2.399517e+000
6.849780645523650e-006	-7.358791e-001	2.250559e+000
6.865405645523651e-006	-7.601277e-001	2.107467e+000
6.881030645523651e-006	-7.809449e-001	1.970128e+000
6.896655645523651e-006	-7.985342e-001	1.838427e+000
6.920093145523652e-006	-8.192914e-001	1.651184e+000
6.943530645523653e-006	-8.338525e-001	1.475938e+000
6.966968145523653e-006	-8.428092e-001	1.312258e+000
6.990405645523654e-006	-8.467170e-001	1.159703e+000
7.013843145523654e-006	-8.450774e-001	1.018947e+000
7.037280645523655e-006	-8.404432e-001	8.872878e-001
7.060718145523655e-006	-8.328145e-001	7.647253e-001
7.084155645523656e-006	-8.221913e-001	6.512592e-001
7.107593145523657e-006	-8.085736e-001	5.468897e-001
7.131030645523657e-006	-7.919613e-001	4.516168e-001
7.154468145523658e-006	-7.723545e-001	3.654404e-001
7.170093145523658e-006	-7.589253e-001	3.114699e-001
7.185718145523658e-006	-7.448024e-001	2.607322e-001
7.201343145523659e-006	-7.300671e-001	2.131044e-001
7.216968145523659e-006	-7.147964e-001	1.684654e-001
7.232593145523660e-006	-6.990627e-001	1.266963e-001
7.240405645523660e-006	-6.910437e-001	1.068515e-001
7.248218145523660e-006	-6.829342e-001	8.768067e-002
7.256030645523660e-006	-6.747421e-001	6.916966e-002
7.263843145523660e-006	-6.664751e-001	5.130441e-002
7.271655645523661e-006	-6.581404e-001	3.407107e-002
7.279468145523661e-006	-6.497453e-001	1.745591e-002
7.287280645523661e-006	-6.412968e-001	1.445375e-003
7.295093145523661e-006	-6.328015e-001	-1.397392e-002
7.302905645523661e-006	-6.242660e-001	-2.881521e-002
7.310718145523661e-006	-6.156964e-001	-4.309154e-002
7.318530645523662e-006	-6.070989e-001	-5.681583e-002
7.326343145523662e-006	-5.984794e-001	-7.000079e-002
7.334155645523662e-006	-5.898433e-001	-8.265898e-002
7.341968145523662e-006	-5.811963e-001	-9.480280e-002
7.357593145523663e-006	-5.638900e-001	-1.175960e-001
7.373218145523663e-006	-5.466003e-001	-1.384761e-001
7.388843145523663e-006	-5.293639e-001	-1.575361e-001
7.412280645523664e-006	-5.036830e-001	-1.829100e-001
7.420093145523664e-006	-4.951845e-001	-1.905538e-001
7.443530645523665e-006	-4.699240e-001	-2.111903e-001
7.466968145523665e-006	-4.450821e-001	-2.285959e-001
7.490405645523666e-006	-4.207347e-001	-2.430313e-001
7.513843145523666e-006	-3.969471e-001	-2.547439e-001
7.529468145523667e-006	-3.814275e-001	-2.611559e-001
7.545093145523667e-006	-3.661960e-001	-2.665282e-001
7.560718145523668e-006	-3.512650e-001	-2.709246e-001
7.576343145523668e-006	-3.366456e-001	-2.744063e-001
7.584155645523668e-006	-3.294557e-001	-2.758225e-001
7.591968145523668e-006	-3.223472e-001	-2.770319e-001
7.599780645523668e-006	-3.153211e-001	-2.780414e-001
7.607593145523669e-006	-3.083781e-001	-2.788578e-001
7.615405645523669e-006	-3.015192e-001	-2.794879e-001
7.623218145523669e-006	-2.947450e-001	-2.799382e-001
7.631030645523669e-006	-2.880563e-001	-2.802150e-001
7.638843145523669e-006	-2.814535e-001	-2.803246e-001
7.646655645523668e-006	-2.749373e-001	-2.802732e-001
7.654468145523667e-006	-2.685081e-001	-2.800667e-001
7.662280645523667e-006	-2.621663e-001	-2.797110e-001
7.670093145523666e-006	-2.559121e-001	-2.792118e-001
7.677905645523665e-006	-2.497458e-001	-2.785746e-001
7.685718145523665e-006	-2.436677e-001	-2.778051e-001
7.693530645523664e-006	-2.376779e-001	-2.769083e-001
7.701343145523663e-006	-2.317765e-001	-2.758897e-001
7.709155645523663e-006	-2.259634e-001	-2.747542e-001
7.716968145523662e-006	-2.202388e-001	-2.735068e-001
7.724780645523661e-006	-2.146026e-001	-2.721523e-001
7.732593145523661e-006	-2.090545e-001	-2.706955e-001
7.740405645523660e-006	-2.035945e-001	-2.691410e-001
7.748218145523659e-006	-1.982225e-001	-2.674932e-001
7.756030645523659e-006	-1.929380e-001	-2.657566e-001
7.763843145523658e-006	-1.877409e-001	-2.639353e-001
7.771655645523657e-006	-1.826308e-001	-2.620336e-001
7.779468145523657e-006	-1.776074e-001	-2.600554e-001
7.787280645523656e-006	-1.726703e-001	-2.580047e-001
7.795093145523655e-006	-1.678191e-001	-2.558853e-001
7.802905645523655e-006	-1.630532e-001	-2.537010e-001
7.818530645523653e-006	-1.537757e-001	-2.491520e-001
7.834155645523652e-006	-1.448336e-001	-2.443854e-001
7.849780645523651e-006	-1.362222e-001	-2.394275e-001
7.865405645523650e-006	-1.279364e-001	-2.343032e-001
7.881030645523648e-006	-1.199707e-001	-2.290356e-001
7.896655645523647e-006	-1.123196e-001	-2.236470e-001
7.912280645523646e-006	-1.049769e-001	-2.181577e-001
7.927905645523644e-006	-9.793639e-002	-2.125873e-001
7.943530645523643e-006	-9.119164e-002	-2.069539e-001
7.951343145523642e-006	-8.792811e-002	-2.041189e-001
7.959155645523642e-006	-8.473601e-002	-2.012744e-001
7.966968145523641e-006	-8.161449e-002	-1.984224e-001
7.974780645523640e-006	-7.856269e-002	-1.955647e-001
7.982593145523640e-006	-7.557975e-002	-1.927031e-001
7.990405645523639e-006	-7.266477e-002	-1.898395e-001
7.998218145523638e-006	-6.980414e-002	-1.869751e-001
8.000000000000000e-006	-6.916018e-002	-1.863218e-001
