time	V(n003)	V(n006)
0.000000000000000e+000	0.000000e+000	0.000000e+000
1.000000000000000e-006	0.000000e+000	0.000000e+000
1.000017187500000e-006	1.912368e-005	2.662522e-009
1.000051562500000e-006	7.632814e-005	1.273927e-008
1.000066825750158e-006	1.149626e-004	2.154244e-008
1.000086197172259e-006	1.819930e-004	4.069849e-008
1.000107395146204e-006	2.708081e-004	7.180259e-008
1.000128148969556e-006	3.737633e-004	1.155597e-007
1.000152879066111e-006	5.161024e-004	1.882559e-007
1.000181397886038e-006	7.041603e-004	3.036220e-007
1.000216578360962e-006	9.682148e-004	4.989202e-007
1.000258542088153e-006	1.324472e-003	8.188321e-007
1.000310827703824e-006	1.823379e-003	1.367095e-006
1.000375160459875e-006	2.508263e-003	2.297813e-006
1.000457201313715e-006	3.475215e-003	3.942546e-006
1.000562334448037e-006	4.835947e-003	6.883267e-006
1.000702144384277e-006	6.809101e-003	1.239478e-005
1.000892289015146e-006	9.723187e-003	2.312169e-005
1.001162287467910e-006	1.422598e-002	4.539365e-005
1.001556329084056e-006	2.145227e-002	9.418092e-005
1.002138047881212e-006	3.338340e-002	2.048082e-004
1.002967068462413e-006	5.273192e-002	4.505977e-004
1.004109349316407e-006	8.344933e-002	9.825756e-004
1.005666640535104e-006	1.319392e-001	2.122531e-003
1.007772238854248e-006	2.077519e-001	4.542619e-003
1.010662455645751e-006	3.274368e-001	9.755560e-003
1.014695393606895e-006	5.180774e-001	2.114278e-002
1.020317440046870e-006	8.196017e-001	4.587143e-002
1.028129940046869e-006	1.289653e+000	9.682339e-002
1.035942440046869e-006	1.808787e+000	1.670439e-001
1.042187500000000e-006	2.263275e+000	2.408662e-001
1.050000000000000e-006	2.867287e+000	3.501392e-001
1.050781250000000e-006	2.920601e+000	3.630915e-001
1.052343750000000e-006	3.019569e+000	3.895237e-001
1.055468750000000e-006	3.195219e+000	4.446064e-001
1.061718750000000e-006	3.505475e+000	5.603941e-001
1.067790451186536e-006	3.777707e+000	6.790288e-001
1.075602951186536e-006	4.105809e+000	8.398218e-001
1.083415451186536e-006	4.424870e+000	1.008129e+000
1.091227951186536e-006	4.739104e+000	1.183724e+000
1.106852951186536e-006	5.358154e+000	1.554630e+000
1.122477951186536e-006	5.964972e+000	1.948732e+000
1.138102951186536e-006	6.558367e+000	2.362581e+000
1.153727951186536e-006	7.137094e+000	2.792934e+000
1.169352951186536e-006	7.700049e+000	3.236750e+000
1.184977951186536e-006	8.246283e+000	3.691180e+000
1.192790451186536e-006	8.512870e+000	3.921536e+000
1.200602951186536e-006	8.774984e+000	4.153563e+000
1.208415451186536e-006	9.032547e+000	4.386956e+000
1.216227951186536e-006	9.285484e+000	4.621423e+000
1.224040451186536e-006	9.533731e+000	4.856682e+000
1.231852951186536e-006	9.777233e+000	5.092463e+000
1.239665451186536e-006	1.001594e+001	5.328506e+000
1.247477951186536e-006	1.024981e+001	5.564560e+000
1.255290451186536e-006	1.047880e+001	5.800386e+000
1.263102951186536e-006	1.070288e+001	6.035758e+000
1.270915451186536e-006	1.092204e+001	6.270452e+000
1.278727951186536e-006	1.113625e+001	6.504263e+000
1.286540451186536e-006	1.134550e+001	6.736989e+000
1.294352951186536e-006	1.154979e+001	6.968439e+000
1.302165451186535e-006	1.174912e+001	7.198432e+000
1.309977951186535e-006	1.194348e+001	7.426797e+000
1.317790451186535e-006	1.213288e+001	7.653370e+000
1.325602951186535e-006	1.231735e+001	7.877995e+000
1.333415451186535e-006	1.249690e+001	8.100526e+000
1.341227951186535e-006	1.267155e+001	8.320825e+000
1.349040451186535e-006	1.284132e+001	8.538761e+000
1.356852951186535e-006	1.300625e+001	8.754211e+000
1.364665451186535e-006	1.316637e+001	8.967062e+000
1.372477951186535e-006	1.332172e+001	9.177204e+000
1.388102951186535e-006	1.361826e+001	9.588969e+000
1.403727951186535e-006	1.389623e+001	9.988787e+000
1.419352951186535e-006	1.415605e+001	1.037604e+001
1.434977951186535e-006	1.439814e+001	1.075022e+001
1.458415451186535e-006	1.472911e+001	1.128606e+001
1.474040451186535e-006	1.492906e+001	1.162589e+001
1.489665451186535e-006	1.511308e+001	1.195153e+001
1.505290451186535e-006	1.528174e+001	1.226285e+001
1.520915451186535e-006	1.543561e+001	1.255977e+001
1.528727951186535e-006	1.550718e+001	1.270283e+001
1.536540451186535e-006	1.557527e+001	1.284229e+001
1.544352951186535e-006	1.563997e+001	1.297816e+001
1.552165451186535e-006	1.570134e+001	1.311045e+001
1.559977951186535e-006	1.575947e+001	1.323917e+001
1.567790451186535e-006	1.581441e+001	1.336436e+001
1.575602951186535e-006	1.586627e+001	1.348601e+001
1.583415451186535e-006	1.591509e+001	1.360416e+001
1.591227951186535e-006	1.596098e+001	1.371883e+001
1.599040451186535e-006	1.600399e+001	1.383005e+001
1.606852951186535e-006	1.604420e+001	1.393785e+001
1.614665451186535e-006	1.608170e+001	1.404226e+001
1.622477951186535e-006	1.611655e+001	1.414332e+001
1.630290451186535e-006	1.614883e+001	1.424107e+001
1.638102951186535e-006	1.617861e+001	1.433553e+001
1.645915451186535e-006	1.620596e+001	1.442676e+001
1.661540451186534e-006	1.625369e+001	1.459967e+001
1.677165451186534e-006	1.629258e+001	1.476015e+001
1.692790451186534e-006	1.632320e+001	1.490858e+001
1.708415451186534e-006	1.634610e+001	1.504533e+001
1.731852951186534e-006	1.636713e+001	1.522946e+001
1.755290451186534e-006	1.637373e+001	1.538966e+001
1.778727951186534e-006	1.636756e+001	1.552739e+001
1.802165451186534e-006	1.635019e+001	1.564410e+001
1.825602951186534e-006	1.632311e+001	1.574130e+001
1.849040451186534e-006	1.628771e+001	1.582046e+001
1.864665451186534e-006	1.626013e+001	1.586392e+001
1.880290451186534e-006	1.622980e+001	1.590044e+001
1.895915451186534e-006	1.619706e+001	1.593044e+001
1.911540451186534e-006	1.616223e+001	1.595432e+001
1.919352951186534e-006	1.614413e+001	1.596409e+001
1.927165451186534e-006	1.612562e+001	1.597248e+001
1.934977951186534e-006	1.610674e+001	1.597954e+001
1.942790451186535e-006	1.608752e+001	1.598532e+001
1.950602951186535e-006	1.606800e+001	1.598986e+001
1.958415451186535e-006	1.604820e+001	1.599321e+001
1.966227951186535e-006	1.602816e+001	1.599542e+001
1.974040451186535e-006	1.600792e+001	1.599653e+001
1.981852951186535e-006	1.598749e+001	1.599659e+001
1.989665451186536e-006	1.596691e+001	1.599564e+001
1.997477951186536e-006	1.594620e+001	1.599372e+001
2.005290451186536e-006	1.592539e+001	1.599087e+001
2.013102951186536e-006	1.590451e+001	1.598714e+001
2.020915451186536e-006	1.588358e+001	1.598257e+001
2.028727951186537e-006	1.586262e+001	1.597719e+001
2.036540451186537e-006	1.584165e+001	1.597104e+001
2.044352951186537e-006	1.582070e+001	1.596417e+001
2.052165451186537e-006	1.579979e+001	1.595661e+001
2.059977951186537e-006	1.577894e+001	1.594839e+001
2.067790451186538e-006	1.575816e+001	1.593956e+001
2.075602951186538e-006	1.573747e+001	1.593013e+001
2.083415451186538e-006	1.571690e+001	1.592016e+001
2.091227951186538e-006	1.569645e+001	1.590967e+001
2.099040451186538e-006	1.567614e+001	1.589870e+001
2.106852951186539e-006	1.565599e+001	1.588727e+001
2.122477951186539e-006	1.561621e+001	1.586316e+001
2.138102951186539e-006	1.557722e+001	1.583760e+001
2.153727951186540e-006	1.553910e+001	1.581078e+001
2.169352951186540e-006	1.550194e+001	1.578293e+001
2.184977951186540e-006	1.546580e+001	1.575424e+001
2.200602951186541e-006	1.543075e+001	1.572488e+001
2.208415451186541e-006	1.541364e+001	1.571001e+001
2.216227951186541e-006	1.539683e+001	1.569504e+001
2.224040451186541e-006	1.538031e+001	1.567998e+001
2.231852951186542e-006	1.536409e+001	1.566486e+001
2.239665451186542e-006	1.534817e+001	1.564969e+001
2.247477951186542e-006	1.533256e+001	1.563449e+001
2.255290451186542e-006	1.531726e+001	1.561928e+001
2.263102951186542e-006	1.530227e+001	1.560407e+001
2.270915451186543e-006	1.528759e+001	1.558888e+001
2.278727951186543e-006	1.527324e+001	1.557373e+001
2.286540451186543e-006	1.525920e+001	1.555862e+001
2.294352951186543e-006	1.524548e+001	1.554357e+001
2.302165451186543e-006	1.523207e+001	1.552859e+001
2.309977951186543e-006	1.521899e+001	1.551370e+001
2.317790451186544e-006	1.520623e+001	1.549891e+001
2.325602951186544e-006	1.519379e+001	1.548422e+001
2.333415451186544e-006	1.518167e+001	1.546966e+001
2.341227951186544e-006	1.516986e+001	1.545522e+001
2.349040451186544e-006	1.515838e+001	1.544091e+001
2.356852951186545e-006	1.514720e+001	1.542676e+001
2.364665451186545e-006	1.513634e+001	1.541275e+001
2.372477951186545e-006	1.512580e+001	1.539891e+001
2.380290451186545e-006	1.511556e+001	1.538524e+001
2.395915451186546e-006	1.509600e+001	1.535844e+001
2.411540451186546e-006	1.507765e+001	1.533238e+001
2.427165451186546e-006	1.506047e+001	1.530713e+001
2.442790451186547e-006	1.504445e+001	1.528270e+001
2.458415451186547e-006	1.502956e+001	1.525913e+001
2.481852951186548e-006	1.500924e+001	1.522545e+001
2.497477951186548e-006	1.499701e+001	1.520412e+001
2.513102951186548e-006	1.498578e+001	1.518372e+001
2.528727951186549e-006	1.497551e+001	1.516424e+001
2.544352951186549e-006	1.496618e+001	1.514569e+001
2.552165451186549e-006	1.496185e+001	1.513677e+001
2.559977951186550e-006	1.495773e+001	1.512807e+001
2.567790451186550e-006	1.495383e+001	1.511961e+001
2.575602951186550e-006	1.495014e+001	1.511137e+001
2.583415451186550e-006	1.494665e+001	1.510336e+001
2.591227951186550e-006	1.494336e+001	1.509558e+001
2.599040451186550e-006	1.494026e+001	1.508803e+001
2.606852951186551e-006	1.493735e+001	1.508070e+001
2.614665451186551e-006	1.493463e+001	1.507359e+001
2.622477951186551e-006	1.493208e+001	1.506670e+001
2.630290451186551e-006	1.492971e+001	1.506002e+001
2.638102951186551e-006	1.492751e+001	1.505357e+001
2.653727951186552e-006	1.492359e+001	1.504129e+001
2.669352951186552e-006	1.492030e+001	1.502985e+001
2.684977951186553e-006	1.491758e+001	1.501921e+001
2.700602951186553e-006	1.491541e+001	1.500936e+001
2.724040451186554e-006	1.491311e+001	1.499601e+001
2.747477951186554e-006	1.491184e+001	1.498428e+001
2.770915451186555e-006	1.491149e+001	1.497408e+001
2.794352951186555e-006	1.491195e+001	1.496533e+001
2.817790451186556e-006	1.491313e+001	1.495792e+001
2.841227951186556e-006	1.491492e+001	1.495176e+001
2.864665451186557e-006	1.491724e+001	1.494675e+001
2.880290451186557e-006	1.491905e+001	1.494401e+001
2.895915451186558e-006	1.492102e+001	1.494171e+001
2.911540451186558e-006	1.492315e+001	1.493983e+001
2.927165451186558e-006	1.492541e+001	1.493834e+001
2.934977951186559e-006	1.492658e+001	1.493773e+001
2.942790451186559e-006	1.492778e+001	1.493721e+001
2.950602951186559e-006	1.492900e+001	1.493678e+001
2.958415451186559e-006	1.493025e+001	1.493643e+001
2.966227951186559e-006	1.493151e+001	1.493616e+001
2.974040451186560e-006	1.493279e+001	1.493596e+001
2.981852951186560e-006	1.493408e+001	1.493584e+001
2.989665451186560e-006	1.493539e+001	1.493578e+001
2.997477951186560e-006	1.493671e+001	1.493580e+001
3.005290451186560e-006	1.493804e+001	1.493587e+001
3.013102951186561e-006	1.493937e+001	1.493601e+001
3.020915451186561e-006	1.494072e+001	1.493621e+001
3.028727951186561e-006	1.494206e+001	1.493647e+001
3.036540451186561e-006	1.494341e+001	1.493677e+001
3.044352951186561e-006	1.494476e+001	1.493713e+001
3.052165451186562e-006	1.494612e+001	1.493754e+001
3.059977951186562e-006	1.494746e+001	1.493800e+001
3.067790451186562e-006	1.494881e+001	1.493849e+001
3.075602951186562e-006	1.495015e+001	1.493903e+001
3.083415451186562e-006	1.495149e+001	1.493961e+001
3.091227951186562e-006	1.495282e+001	1.494023e+001
3.099040451186563e-006	1.495415e+001	1.494088e+001
3.106852951186563e-006	1.495546e+001	1.494156e+001
3.114665451186563e-006	1.495677e+001	1.494228e+001
3.122477951186563e-006	1.495806e+001	1.494302e+001
3.138102951186564e-006	1.496062e+001	1.494459e+001
3.153727951186564e-006	1.496313e+001	1.494625e+001
3.169352951186564e-006	1.496557e+001	1.494798e+001
3.184977951186565e-006	1.496796e+001	1.494979e+001
3.200602951186565e-006	1.497028e+001	1.495164e+001
3.208415451186565e-006	1.497141e+001	1.495259e+001
3.216227951186565e-006	1.497253e+001	1.495354e+001
3.224040451186566e-006	1.497363e+001	1.495450e+001
3.231852951186566e-006	1.497470e+001	1.495546e+001
3.239665451186566e-006	1.497576e+001	1.495644e+001
3.247477951186566e-006	1.497680e+001	1.495741e+001
3.255290451186566e-006	1.497783e+001	1.495839e+001
3.263102951186567e-006	1.497883e+001	1.495937e+001
3.270915451186567e-006	1.497981e+001	1.496035e+001
3.278727951186567e-006	1.498077e+001	1.496133e+001
3.286540451186567e-006	1.498171e+001	1.496231e+001
3.294352951186567e-006	1.498263e+001	1.496328e+001
3.302165451186568e-006	1.498353e+001	1.496425e+001
3.309977951186568e-006	1.498441e+001	1.496522e+001
3.317790451186568e-006	1.498526e+001	1.496619e+001
3.325602951186568e-006	1.498610e+001	1.496714e+001
3.333415451186568e-006	1.498692e+001	1.496810e+001
3.341227951186569e-006	1.498771e+001	1.496904e+001
3.349040451186569e-006	1.498849e+001	1.496998e+001
3.356852951186569e-006	1.498925e+001	1.497091e+001
3.364665451186569e-006	1.498998e+001	1.497182e+001
3.372477951186569e-006	1.499070e+001	1.497273e+001
3.380290451186569e-006	1.499139e+001	1.497363e+001
3.388102951186570e-006	1.499207e+001	1.497452e+001
3.395915451186570e-006	1.499272e+001	1.497540e+001
3.411540451186570e-006	1.499397e+001	1.497712e+001
3.427165451186571e-006	1.499514e+001	1.497879e+001
3.442790451186571e-006	1.499624e+001	1.498042e+001
3.458415451186571e-006	1.499726e+001	1.498198e+001
3.481852951186572e-006	1.499866e+001	1.498423e+001
3.505290451186573e-006	1.499991e+001	1.498634e+001
3.528727951186573e-006	1.500100e+001	1.498833e+001
3.552165451186574e-006	1.500196e+001	1.499017e+001
3.575602951186574e-006	1.500279e+001	1.499189e+001
3.599040451186575e-006	1.500349e+001	1.499347e+001
3.622477951186575e-006	1.500408e+001	1.499492e+001
3.644799379758005e-006	1.500453e+001	1.499617e+001
3.667120808329434e-006	1.500490e+001	1.499732e+001
3.689442236900863e-006	1.500521e+001	1.499836e+001
3.711763665472292e-006	1.500544e+001	1.499930e+001
3.734085094043721e-006	1.500560e+001	1.500014e+001
3.756406522615150e-006	1.500569e+001	1.500088e+001
3.778727951186579e-006	1.500570e+001	1.500152e+001
3.802165451186580e-006	1.500567e+001	1.500209e+001
3.825602951186580e-006	1.500561e+001	1.500259e+001
3.849040451186580e-006	1.500551e+001	1.500301e+001
3.872477951186581e-006	1.500538e+001	1.500336e+001
3.895915451186582e-006	1.500521e+001	1.500364e+001
3.919352951186582e-006	1.500502e+001	1.500385e+001
3.942790451186583e-006	1.500479e+001	1.500398e+001
3.950602951186583e-006	1.500471e+001	1.500402e+001
3.958415451186583e-006	1.500463e+001	1.500405e+001
3.966227951186583e-006	1.500455e+001	1.500408e+001
3.974040451186583e-006	1.500447e+001	1.500410e+001
3.981852951186584e-006	1.500439e+001	1.500412e+001
3.989665451186584e-006	1.500431e+001	1.500413e+001
3.997477951186584e-006	1.500423e+001	1.500414e+001
4.005290451186584e-006	1.500414e+001	1.500414e+001
4.013102951186584e-006	1.500406e+001	1.500414e+001
4.020915451186585e-006	1.500397e+001	1.500413e+001
4.028727951186585e-006	1.500388e+001	1.500412e+001
4.036540451186585e-006	1.500380e+001	1.500411e+001
4.044352951186585e-006	1.500371e+001	1.500409e+001
4.052165451186585e-006	1.500362e+001	1.500407e+001
4.059977951186586e-006	1.500354e+001	1.500404e+001
4.067790451186586e-006	1.500345e+001	1.500402e+001
4.075602951186586e-006	1.500336e+001	1.500399e+001
4.083415451186586e-006	1.500328e+001	1.500395e+001
4.091227951186586e-006	1.500319e+001	1.500392e+001
4.099040451186587e-006	1.500310e+001	1.500388e+001
4.106852951186587e-006	1.500302e+001	1.500384e+001
4.114665451186587e-006	1.500293e+001	1.500380e+001
4.122477951186587e-006	1.500285e+001	1.500375e+001
4.130290451186587e-006	1.500276e+001	1.500371e+001
4.138102951186587e-006	1.500268e+001	1.500366e+001
4.153727951186588e-006	1.500252e+001	1.500356e+001
4.169352951186588e-006	1.500236e+001	1.500345e+001
4.184977951186589e-006	1.500220e+001	1.500334e+001
4.200602951186589e-006	1.500204e+001	1.500322e+001
4.216227951186589e-006	1.500190e+001	1.500310e+001
4.231852951186590e-006	1.500175e+001	1.500298e+001
4.247477951186590e-006	1.500161e+001	1.500285e+001
4.255290451186590e-006	1.500154e+001	1.500279e+001
4.263102951186591e-006	1.500148e+001	1.500273e+001
4.270915451186591e-006	1.500141e+001	1.500267e+001
4.278727951186591e-006	1.500135e+001	1.500260e+001
4.286540451186591e-006	1.500129e+001	1.500254e+001
4.294352951186591e-006	1.500122e+001	1.500248e+001
4.302165451186591e-006	1.500116e+001	1.500241e+001
4.309977951186592e-006	1.500110e+001	1.500235e+001
4.317790451186592e-006	1.500105e+001	1.500229e+001
4.325602951186592e-006	1.500099e+001	1.500222e+001
4.333415451186592e-006	1.500094e+001	1.500216e+001
4.341227951186592e-006	1.500088e+001	1.500210e+001
4.349040451186593e-006	1.500083e+001	1.500204e+001
4.356852951186593e-006	1.500078e+001	1.500198e+001
4.364665451186593e-006	1.500073e+001	1.500192e+001
4.372477951186593e-006	1.500068e+001	1.500186e+001
4.380290451186593e-006	1.500063e+001	1.500180e+001
4.388102951186594e-006	1.500059e+001	1.500174e+001
4.395915451186594e-006	1.500054e+001	1.500168e+001
4.403727951186594e-006	1.500050e+001	1.500163e+001
4.411540451186594e-006	1.500046e+001	1.500157e+001
4.427165451186594e-006	1.500038e+001	1.500146e+001
4.442790451186595e-006	1.500030e+001	1.500135e+001
4.458415451186595e-006	1.500023e+001	1.500125e+001
4.474040451186596e-006	1.500017e+001	1.500115e+001
4.497477951186596e-006	1.500008e+001	1.500100e+001
4.520915451186597e-006	1.500000e+001	1.500087e+001
4.544352951186597e-006	1.499993e+001	1.500074e+001
4.567790451186598e-006	1.499987e+001	1.500062e+001
4.591227951186598e-006	1.499982e+001	1.500051e+001
4.612433308329456e-006	1.499978e+001	1.500042e+001
4.633638665472314e-006	1.499974e+001	1.500034e+001
4.654844022615172e-006	1.499971e+001	1.500026e+001
4.676049379758029e-006	1.499969e+001	1.500019e+001
4.697254736900887e-006	1.499967e+001	1.500012e+001
4.718460094043744e-006	1.499965e+001	1.500006e+001
4.739665451186602e-006	1.499964e+001	1.500001e+001
4.763102951186603e-006	1.499964e+001	1.499996e+001
4.786540451186603e-006	1.499963e+001	1.499991e+001
4.809977951186604e-006	1.499963e+001	1.499987e+001
4.833415451186604e-006	1.499964e+001	1.499984e+001
4.856852951186605e-006	1.499964e+001	1.499981e+001
4.880290451186606e-006	1.499965e+001	1.499979e+001
4.903727951186606e-006	1.499966e+001	1.499977e+001
4.919352951186606e-006	1.499967e+001	1.499976e+001
4.934977951186607e-006	1.499968e+001	1.499975e+001
4.950602951186607e-006	1.499969e+001	1.499975e+001
4.958415451186607e-006	1.499969e+001	1.499974e+001
4.966227951186608e-006	1.499970e+001	1.499974e+001
4.974040451186608e-006	1.499970e+001	1.499974e+001
4.981852951186608e-006	1.499971e+001	1.499974e+001
4.989665451186608e-006	1.499971e+001	1.499974e+001
4.997477951186608e-006	1.499972e+001	1.499973e+001
5.005290451186609e-006	1.499972e+001	1.499973e+001
5.013102951186609e-006	1.499973e+001	1.499973e+001
5.020915451186609e-006	1.499973e+001	1.499973e+001
5.028727951186609e-006	1.499974e+001	1.499973e+001
5.036540451186609e-006	1.499975e+001	1.499973e+001
5.044352951186610e-006	1.499975e+001	1.499973e+001
5.052165451186610e-006	1.499976e+001	1.499974e+001
5.059977951186610e-006	1.499976e+001	1.499974e+001
5.067790451186610e-006	1.499977e+001	1.499974e+001
5.075602951186610e-006	1.499977e+001	1.499974e+001
5.083415451186610e-006	1.499978e+001	1.499974e+001
5.091227951186611e-006	1.499978e+001	1.499974e+001
5.099040451186611e-006	1.499979e+001	1.499975e+001
5.106852951186611e-006	1.499980e+001	1.499975e+001
5.114665451186611e-006	1.499980e+001	1.499975e+001
5.122477951186611e-006	1.499981e+001	1.499975e+001
5.130290451186612e-006	1.499981e+001	1.499976e+001
5.138102951186612e-006	1.499982e+001	1.499976e+001
5.145915451186612e-006	1.499982e+001	1.499976e+001
5.161540451186612e-006	1.499983e+001	1.499977e+001
5.177165451186613e-006	1.499984e+001	1.499977e+001
5.192790451186613e-006	1.499986e+001	1.499978e+001
5.208415451186613e-006	1.499986e+001	1.499979e+001
5.231852951186614e-006	1.499988e+001	1.499980e+001
5.255290451186615e-006	1.499989e+001	1.499981e+001
5.270915451186615e-006	1.499990e+001	1.499982e+001
5.286540451186615e-006	1.499991e+001	1.499983e+001
5.302165451186616e-006	1.499992e+001	1.499984e+001
5.317790451186616e-006	1.499993e+001	1.499985e+001
5.325602951186616e-006	1.499993e+001	1.499985e+001
5.333415451186617e-006	1.499993e+001	1.499985e+001
5.341227951186617e-006	1.499994e+001	1.499986e+001
5.349040451186617e-006	1.499994e+001	1.499986e+001
5.356852951186617e-006	1.499994e+001	1.499987e+001
5.364665451186617e-006	1.499995e+001	1.499987e+001
5.372477951186617e-006	1.499995e+001	1.499987e+001
5.380290451186618e-006	1.499995e+001	1.499988e+001
5.388102951186618e-006	1.499996e+001	1.499988e+001
5.395915451186618e-006	1.499996e+001	1.499988e+001
5.403727951186618e-006	1.499996e+001	1.499989e+001
5.419352951186619e-006	1.499997e+001	1.499990e+001
5.434977951186619e-006	1.499997e+001	1.499990e+001
5.450602951186619e-006	1.499998e+001	1.499991e+001
5.466227951186620e-006	1.499998e+001	1.499992e+001
5.489665451186620e-006	1.499999e+001	1.499993e+001
5.513102951186621e-006	1.500000e+001	1.499994e+001
5.536540451186621e-006	1.500000e+001	1.499994e+001
5.559977951186622e-006	1.500000e+001	1.499995e+001
5.582299379758051e-006	1.500001e+001	1.499996e+001
5.604620808329480e-006	1.500001e+001	1.499997e+001
5.626942236900909e-006	1.500001e+001	1.499997e+001
5.649263665472339e-006	1.500002e+001	1.499998e+001
5.671585094043767e-006	1.500002e+001	1.499998e+001
5.693906522615197e-006	1.500002e+001	1.499999e+001
5.716227951186626e-006	1.500002e+001	1.499999e+001
5.740781522615198e-006	1.500002e+001	1.500000e+001
5.765335094043770e-006	1.500002e+001	1.500000e+001
5.789888665472342e-006	1.500002e+001	1.500000e+001
5.814442236900914e-006	1.500002e+001	1.500001e+001
5.838995808329486e-006	1.500002e+001	1.500001e+001
5.863549379758058e-006	1.500002e+001	1.500001e+001
5.888102951186630e-006	1.500002e+001	1.500001e+001
5.911540451186631e-006	1.500002e+001	1.500001e+001
5.934977951186631e-006	1.500002e+001	1.500002e+001
5.950602951186632e-006	1.500002e+001	1.500002e+001
5.966227951186632e-006	1.500002e+001	1.500002e+001
5.981852951186632e-006	1.500002e+001	1.500002e+001
5.997477951186633e-006	1.500002e+001	1.500002e+001
6.005290451186633e-006	1.500002e+001	1.500002e+001
6.013102951186633e-006	1.500002e+001	1.500002e+001
6.020915451186633e-006	1.500002e+001	1.500002e+001
6.028727951186633e-006	1.500002e+001	1.500002e+001
6.036540451186634e-006	1.500002e+001	1.500002e+001
6.042187500000000e-006	1.500002e+001	1.500002e+001
6.050000000000001e-006	1.500002e+001	1.500002e+001
6.050016819608247e-006	1.500000e+001	1.500002e+001
6.050050458824739e-006	1.499994e+001	1.500002e+001
6.050069188644508e-006	1.499989e+001	1.500002e+001
6.050090170688090e-006	1.499982e+001	1.500002e+001
6.050114335897519e-006	1.499971e+001	1.500002e+001
6.050147369084138e-006	1.499953e+001	1.500002e+001
6.050187823832781e-006	1.499926e+001	1.500002e+001
6.050242597539782e-006	1.499882e+001	1.500002e+001
6.050313381089527e-006	1.499817e+001	1.500002e+001
6.050366112998151e-006	1.499762e+001	1.500002e+001
6.050425605733283e-006	1.499694e+001	1.500001e+001
6.050490755137776e-006	1.499613e+001	1.500001e+001
6.050599611162219e-006	1.499468e+001	1.500001e+001
6.050737447579992e-006	1.499269e+001	1.500000e+001
6.050946647491803e-006	1.498942e+001	1.499999e+001
6.051229145727728e-006	1.498462e+001	1.499996e+001
6.051664136719951e-006	1.497646e+001	1.499991e+001
6.052281601476942e-006	1.496347e+001	1.499978e+001
6.053178135833815e-006	1.494195e+001	1.499949e+001
6.054384399013785e-006	1.490853e+001	1.499887e+001
6.056055625901460e-006	1.485484e+001	1.499752e+001
6.058344257806919e-006	1.476967e+001	1.499459e+001
6.061627479291870e-006	1.462902e+001	1.498795e+001
6.066047343188761e-006	1.441294e+001	1.497391e+001
6.072182096249496e-006	1.407363e+001	1.494391e+001
6.079994596249496e-006	1.359071e+001	1.488820e+001
6.087807096249496e-006	1.306195e+001	1.481398e+001
6.092187500000001e-006	1.273974e+001	1.476062e+001
6.100000000000000e-006	1.213272e+001	1.464989e+001
6.100781250000000e-006	1.207941e+001	1.463694e+001
6.102343750000000e-006	1.198044e+001	1.461051e+001
6.105468750000000e-006	1.180479e+001	1.455542e+001
6.111718750000000e-006	1.149453e+001	1.443964e+001
6.117790461394620e-006	1.122230e+001	1.432100e+001
6.125602961394620e-006	1.089420e+001	1.416021e+001
6.133415461394621e-006	1.057514e+001	1.399190e+001
6.141227961394621e-006	1.026090e+001	1.381630e+001
6.156852961394621e-006	9.641850e+000	1.344539e+001
6.172477961394621e-006	9.035031e+000	1.305129e+001
6.188102961394622e-006	8.441634e+000	1.263744e+001
6.203727961394622e-006	7.862907e+000	1.220708e+001
6.219352961394623e-006	7.299951e+000	1.176327e+001
6.234977961394623e-006	6.753717e+000	1.130884e+001
6.242790461394623e-006	6.487129e+000	1.107848e+001
6.250602961394623e-006	6.225014e+000	1.084645e+001
6.258415461394624e-006	5.967451e+000	1.061306e+001
6.266227961394624e-006	5.714514e+000	1.037859e+001
6.274040461394624e-006	5.466265e+000	1.014333e+001
6.281852961394624e-006	5.222764e+000	9.907547e+000
6.289665461394624e-006	4.984057e+000	9.671504e+000
6.297477961394624e-006	4.750191e+000	9.435450e+000
6.305290461394625e-006	4.521199e+000	9.199621e+000
6.313102961394625e-006	4.297112e+000	8.964251e+000
6.320915461394625e-006	4.077954e+000	8.729555e+000
6.328727961394625e-006	3.863743e+000	8.495744e+000
6.336540461394625e-006	3.654489e+000	8.263018e+000
6.344352961394626e-006	3.450201e+000	8.031567e+000
6.352165461394626e-006	3.250878e+000	7.801572e+000
6.359977961394626e-006	3.056517e+000	7.573207e+000
6.367790461394626e-006	2.867109e+000	7.346634e+000
6.375602961394626e-006	2.682641e+000	7.122008e+000
6.383415461394627e-006	2.503094e+000	6.899477e+000
6.391227961394627e-006	2.328448e+000	6.679178e+000
6.399040461394627e-006	2.158674e+000	6.461241e+000
6.406852961394627e-006	1.993744e+000	6.245790e+000
6.414665461394627e-006	1.833624e+000	6.032940e+000
6.422477961394628e-006	1.678277e+000	5.822797e+000
6.438102961394628e-006	1.381736e+000	5.411031e+000
6.453727961394628e-006	1.103760e+000	5.011213e+000
6.469352961394629e-006	8.439475e-001	4.623958e+000
6.477165461394629e-006	7.207147e-001	4.435206e+000
6.484977961394629e-006	6.018535e-001	4.249781e+000
6.492790461394629e-006	4.873030e-001	4.067732e+000
6.500602961394629e-006	3.770009e-001	3.889104e+000
6.508415461394630e-006	2.708826e-001	3.713936e+000
6.516227961394630e-006	1.688826e-001	3.542261e+000
6.524040461394630e-006	7.093336e-002	3.374110e+000
6.531852961394630e-006	-2.303359e-002	3.209506e+000
6.539665461394630e-006	-1.130881e-001	3.048468e+000
6.547477961394631e-006	-1.993010e-001	2.891012e+000
6.555290461394631e-006	-2.817440e-001	2.737150e+000
6.563102961394631e-006	-3.604899e-001	2.586887e+000
6.570915461394631e-006	-4.356121e-001	2.440227e+000
6.578727961394631e-006	-5.071844e-001	2.297169e+000
6.586540461394632e-006	-5.752816e-001	2.157709e+000
6.594352961394632e-006	-6.399784e-001	2.021839e+000
6.602165461394632e-006	-7.013502e-001	1.889548e+000
6.609977961394632e-006	-7.594727e-001	1.760820e+000
6.617790461394632e-006	-8.144214e-001	1.635640e+000
6.625602961394632e-006	-8.662722e-001	1.513987e+000
6.633415461394633e-006	-9.151008e-001	1.395837e+000
6.641227961394633e-006	-9.609829e-001	1.281166e+000
6.649040461394633e-006	-1.003994e+000	1.169945e+000
6.656852961394633e-006	-1.044210e+000	1.062145e+000
6.664665461394633e-006	-1.081705e+000	9.577314e-001
6.672477961394634e-006	-1.116554e+000	8.566710e-001
6.680290461394634e-006	-1.148832e+000	7.589270e-001
6.688102961394634e-006	-1.178612e+000	6.644610e-001
6.695915461394634e-006	-1.205967e+000	5.732328e-001
6.703727961394634e-006	-1.230970e+000	4.852006e-001
6.711540461394635e-006	-1.253694e+000	4.003212e-001
6.719352961394635e-006	-1.274209e+000	3.185501e-001
6.727165461394635e-006	-1.292586e+000	2.398411e-001
6.734977961394635e-006	-1.308895e+000	1.641473e-001
6.742790461394635e-006	-1.323206e+000	9.142029e-002
6.750602961394636e-006	-1.335586e+000	2.161092e-002
6.758415461394636e-006	-1.346103e+000	-4.533098e-002
6.766227961394636e-006	-1.354823e+000	-1.094564e-001
6.774040461394636e-006	-1.361812e+000	-1.708170e-001
6.781852961394636e-006	-1.367134e+000	-2.294653e-001
6.789665461394636e-006	-1.370854e+000	-2.854541e-001
6.797477961394637e-006	-1.373033e+000	-3.388369e-001
6.805290461394637e-006	-1.373733e+000	-3.896676e-001
6.813102961394637e-006	-1.373015e+000	-4.380003e-001
6.828727961394637e-006	-1.367561e+000	-5.273902e-001
6.844352961394638e-006	-1.357132e+000	-6.074450e-001
6.859977961394638e-006	-1.342173e+000	-6.786042e-001
6.875602961394639e-006	-1.323111e+000	-7.413073e-001
6.899040461394639e-006	-1.287712e+000	-8.204616e-001
6.914665461394639e-006	-1.260136e+000	-8.639280e-001
6.930290461394640e-006	-1.229805e+000	-9.004490e-001
6.945915461394640e-006	-1.197062e+000	-9.304431e-001
6.961540461394641e-006	-1.162232e+000	-9.543204e-001
6.969352961394641e-006	-1.144131e+000	-9.640912e-001
6.977165461394641e-006	-1.125622e+000	-9.724824e-001
6.984977961394641e-006	-1.106741e+000	-9.795428e-001
6.992790461394641e-006	-1.087521e+000	-9.853203e-001
7.000602961394642e-006	-1.067998e+000	-9.898622e-001
7.008415461394642e-006	-1.048202e+000	-9.932149e-001
7.016227961394642e-006	-1.028166e+000	-9.954244e-001
7.024040461394642e-006	-1.007919e+000	-9.965357e-001
7.031852961394642e-006	-9.874902e-001	-9.965931e-001
7.039665461394643e-006	-9.669085e-001	-9.956402e-001
7.047477961394643e-006	-9.462008e-001	-9.937198e-001
7.055290461394643e-006	-9.253932e-001	-9.908739e-001
7.063102961394643e-006	-9.045109e-001	-9.871436e-001
7.070915461394643e-006	-8.835781e-001	-9.825693e-001
7.078727961394643e-006	-8.626180e-001	-9.771906e-001
7.086540461394644e-006	-8.416530e-001	-9.710463e-001
7.094352961394644e-006	-8.207045e-001	-9.641742e-001
7.102165461394644e-006	-7.997930e-001	-9.566113e-001
7.109977961394644e-006	-7.789381e-001	-9.483939e-001
7.117790461394644e-006	-7.581586e-001	-9.395576e-001
7.125602961394645e-006	-7.374724e-001	-9.301366e-001
7.133415461394645e-006	-7.168964e-001	-9.201649e-001
7.141227961394645e-006	-6.964470e-001	-9.096753e-001
7.149040461394645e-006	-6.761397e-001	-8.986998e-001
7.156852961394645e-006	-6.559889e-001	-8.872696e-001
7.172477961394646e-006	-6.162124e-001	-8.631661e-001
7.188102961394646e-006	-5.772196e-001	-8.375976e-001
7.203727961394647e-006	-5.391015e-001	-8.107845e-001
7.219352961394647e-006	-5.019383e-001	-7.829335e-001
7.234977961394647e-006	-4.657996e-001	-7.542392e-001
7.250602961394648e-006	-4.307455e-001	-7.248837e-001
7.258415461394648e-006	-4.136415e-001	-7.100116e-001
7.266227961394648e-006	-3.968270e-001	-6.950369e-001
7.274040461394648e-006	-3.803071e-001	-6.799790e-001
7.281852961394648e-006	-3.640864e-001	-6.648567e-001
7.289665461394649e-006	-3.481687e-001	-6.496878e-001
7.297477961394649e-006	-3.325578e-001	-6.344897e-001
7.305290461394649e-006	-3.172566e-001	-6.192788e-001
7.313102961394649e-006	-3.022679e-001	-6.040713e-001
7.320915461394649e-006	-2.875938e-001	-5.888822e-001
7.328727961394650e-006	-2.732362e-001	-5.737262e-001
7.336540461394650e-006	-2.591965e-001	-5.586172e-001
7.344352961394650e-006	-2.454757e-001	-5.435686e-001
7.352165461394650e-006	-2.320746e-001	-5.285931e-001
7.359977961394650e-006	-2.189934e-001	-5.137028e-001
7.367790461394651e-006	-2.062321e-001	-4.989093e-001
7.375602961394651e-006	-1.937904e-001	-4.842234e-001
7.383415461394651e-006	-1.816677e-001	-4.696557e-001
7.391227961394651e-006	-1.698630e-001	-4.552159e-001
7.399040461394651e-006	-1.583751e-001	-4.409133e-001
7.406852961394651e-006	-1.472024e-001	-4.267568e-001
7.414665461394652e-006	-1.363433e-001	-4.127546e-001
7.422477961394652e-006	-1.257958e-001	-3.989145e-001
7.430290461394652e-006	-1.155576e-001	-3.852438e-001
7.445915461394652e-006	-9.599912e-002	-3.584372e-001
7.453727961394653e-006	-8.667336e-002	-3.453137e-001
7.469352961394653e-006	-6.891359e-002	-3.196534e-001
7.484977961394653e-006	-5.232056e-002	-2.948072e-001
7.492790461394654e-006	-4.445264e-002	-2.826998e-001
7.500602961394654e-006	-3.686541e-002	-2.708075e-001
7.508415461394654e-006	-2.955492e-002	-2.591335e-001
7.516227961394654e-006	-2.251711e-002	-2.476807e-001
7.524040461394654e-006	-1.574781e-002	-2.364514e-001
7.531852961394654e-006	-9.242754e-003	-2.254477e-001
7.539665461394655e-006	-2.997589e-003	-2.146714e-001
7.547477961394655e-006	2.992129e-003	-2.041240e-001
7.555290461394655e-006	8.730914e-003	-1.938067e-001
7.563102961394655e-006	1.422335e-002	-1.837205e-001
7.570915461394655e-006	1.947407e-002	-1.738658e-001
7.578727961394656e-006	2.448778e-002	-1.642433e-001
7.586540461394656e-006	2.926921e-002	-1.548528e-001
7.594352961394656e-006	3.382314e-002	-1.456944e-001
7.602165461394656e-006	3.815438e-002	-1.367677e-001
7.609977961394656e-006	4.226777e-002	-1.280722e-001
7.617790461394657e-006	4.616816e-002	-1.196070e-001
7.625602961394657e-006	4.986043e-002	-1.113712e-001
7.633415461394657e-006	5.334945e-002	-1.033636e-001
7.641227961394656e-006	5.664011e-002	-9.558298e-002
7.649040461394656e-006	5.973729e-002	-8.802767e-002
7.656852961394655e-006	6.264586e-002	-8.069605e-002
7.664665461394654e-006	6.537069e-002	-7.358624e-002
7.672477961394654e-006	6.791664e-002	-6.669629e-002
7.680290461394653e-006	7.028852e-002	-6.002404e-002
7.688102961394652e-006	7.249114e-002	-5.356725e-002
7.703727961394651e-006	7.640770e-002	-4.129034e-002
7.711540461394650e-006	7.813109e-002	-3.546511e-002
7.719352961394650e-006	7.970413e-002	-2.984511e-002
7.727165461394649e-006	8.113145e-002	-2.442753e-002
7.734977961394648e-006	8.241764e-002	-1.920947e-002
7.742790461394648e-006	8.356725e-002	-1.418796e-002
7.750602961394647e-006	8.458476e-002	-9.359924e-003
7.758415461394646e-006	8.547461e-002	-4.722252e-003
7.766227961394646e-006	8.624118e-002	-2.717521e-004
7.774040461394645e-006	8.688881e-002	3.994823e-003
7.781852961394644e-006	8.742175e-002	8.080769e-003
7.789665461394644e-006	8.784422e-002	1.198943e-002
7.797477961394643e-006	8.816035e-002	1.572419e-002
7.805290461394643e-006	8.837424e-002	1.928847e-002
7.813102961394642e-006	8.848990e-002	2.268573e-002
7.820915461394641e-006	8.851128e-002	2.591943e-002
7.836540461394640e-006	8.828664e-002	3.191018e-002
7.852165461394639e-006	8.773053e-002	3.728892e-002
7.867790461394637e-006	8.687202e-002	4.208394e-002
7.883415461394636e-006	8.573903e-002	4.632357e-002
7.906852961394634e-006	8.358305e-002	5.170336e-002
7.922477961394633e-006	8.187823e-002	5.467755e-002
7.938102961394631e-006	7.998732e-002	5.719409e-002
7.953727961394630e-006	7.793288e-002	5.928009e-002
7.969352961394629e-006	7.573631e-002	6.096220e-002
7.984977961394627e-006	7.341783e-002	6.226649e-002
7.992790461394627e-006	7.221932e-002	6.278655e-002
8.000000000000000e-006	7.109696e-002	6.320842e-002
