time	V(n003)	V(n006)
0.000000000000000e+000	0.000000e+000	0.000000e+000
1.000000000000000e-006	0.000000e+000	0.000000e+000
1.000017187500000e-006	2.719336e-005	2.658552e-009
1.000051562500000e-006	1.085064e-004	1.271870e-008
1.000066830204861e-006	1.634090e-004	2.150751e-008
1.000086201040084e-006	2.585764e-004	4.062091e-008
1.000107404890423e-006	3.846354e-004	7.165912e-008
1.000128189114180e-006	5.308326e-004	1.153617e-007
1.000152934770315e-006	7.326294e-004	1.878874e-007
1.000181502845956e-006	9.992889e-004	3.030688e-007
1.000216741068705e-006	1.373256e-003	4.979596e-007
1.000258818794202e-006	1.877653e-003	8.173973e-007
1.000311271847477e-006	2.583156e-003	1.364823e-006
1.000375901717647e-006	3.550957e-003	2.294875e-006
1.000458437148906e-006	4.915603e-003	3.939676e-006
1.000564471095164e-006	6.834333e-003	6.886061e-006
1.000705965601199e-006	9.614412e-003	1.242467e-005
1.000899499654319e-006	1.372237e-002	2.326681e-005
1.001176730508036e-006	2.008807e-002	4.600721e-005
1.001586694979983e-006	3.037674e-002	9.664884e-005
1.002201070355533e-006	4.752330e-002	2.137587e-004
1.003085330197251e-006	7.546446e-002	4.777677e-004
1.004309256198780e-006	1.198211e-001	1.054061e-003
1.005983790373415e-006	1.897701e-001	2.296707e-003
1.008251469773629e-006	2.987586e-001	4.944050e-003
1.011379131875049e-006	4.706109e-001	1.068217e-002
1.015762174054470e-006	7.431333e-001	2.321527e-002
1.021689021854017e-006	1.155708e+000	4.922378e-002
1.029501521854017e-006	1.756270e+000	9.922723e-002
1.037314021854017e-006	2.406724e+000	1.661615e-001
1.042187500000000e-006	2.842728e+000	2.198721e-001
1.050000000000000e-006	3.575453e+000	3.202739e-001
1.050781250000000e-006	3.637288e+000	3.320246e-001
1.052343750000000e-006	3.750727e+000	3.559819e-001
1.055468750000000e-006	3.947819e+000	4.057986e-001
1.061718750000000e-006	4.285832e+000	5.102232e-001
1.067906192146580e-006	4.577828e+000	6.188295e-001
1.075718692146580e-006	4.912606e+000	7.625990e-001
1.083531192146580e-006	5.231699e+000	9.123653e-001
1.091343692146580e-006	5.541645e+000	1.067857e+000
1.099156192146580e-006	5.845289e+000	1.228607e+000
1.114781192146580e-006	6.436259e+000	1.564360e+000
1.130406192146580e-006	7.006158e+000	1.916817e+000
1.146031192146580e-006	7.554984e+000	2.283399e+000
1.161656192146580e-006	8.082685e+000	2.661700e+000
1.177281192146580e-006	8.589270e+000	3.049476e+000
1.185093692146580e-006	8.834664e+000	3.246260e+000
1.192906192146580e-006	9.074816e+000	3.444642e+000
1.200718692146580e-006	9.309742e+000	3.644385e+000
1.208531192146580e-006	9.539467e+000	3.845260e+000
1.216343692146580e-006	9.764017e+000	4.047048e+000
1.224156192146580e-006	9.983422e+000	4.249537e+000
1.231968692146580e-006	1.019772e+001	4.452525e+000
1.239781192146580e-006	1.040693e+001	4.655818e+000
1.247593692146580e-006	1.061111e+001	4.859230e+000
1.255406192146580e-006	1.081030e+001	5.062582e+000
1.263218692146580e-006	1.100454e+001	5.265702e+000
1.271031192146580e-006	1.119387e+001	5.468429e+000
1.278843692146580e-006	1.137834e+001	5.670605e+000
1.286656192146580e-006	1.155801e+001	5.872083e+000
1.294468692146580e-006	1.173292e+001	6.072721e+000
1.302281192146580e-006	1.190314e+001	6.272382e+000
1.310093692146580e-006	1.206871e+001	6.470940e+000
1.317906192146580e-006	1.222969e+001	6.668272e+000
1.325718692146580e-006	1.238615e+001	6.864262e+000
1.333531192146580e-006	1.253815e+001	7.058801e+000
1.341343692146580e-006	1.268574e+001	7.251784e+000
1.349156192146580e-006	1.282898e+001	7.443114e+000
1.356968692146580e-006	1.296795e+001	7.632700e+000
1.364781192146580e-006	1.310270e+001	7.820453e+000
1.372593692146580e-006	1.323331e+001	8.006291e+000
1.380406192146579e-006	1.335983e+001	8.190140e+000
1.396031192146579e-006	1.360090e+001	8.551584e+000
1.411656192146579e-006	1.382645e+001	8.904271e+000
1.427281192146579e-006	1.403703e+001	9.247756e+000
1.442906192146579e-006	1.423318e+001	9.581665e+000
1.466343692146579e-006	1.450158e+001	1.006391e+001
1.481968692146579e-006	1.466410e+001	1.037264e+001
1.497593692146579e-006	1.481414e+001	1.067095e+001
1.513218692146579e-006	1.495222e+001	1.095872e+001
1.528843692146579e-006	1.507891e+001	1.123588e+001
1.544468692146579e-006	1.519472e+001	1.150238e+001
1.552281192146579e-006	1.524872e+001	1.163163e+001
1.560093692146579e-006	1.530019e+001	1.175823e+001
1.567906192146579e-006	1.534920e+001	1.188217e+001
1.575718692146579e-006	1.539582e+001	1.200347e+001
1.583531192146579e-006	1.544011e+001	1.212213e+001
1.591343692146579e-006	1.548212e+001	1.223817e+001
1.599156192146579e-006	1.552193e+001	1.235159e+001
1.606968692146579e-006	1.555959e+001	1.246242e+001
1.614781192146579e-006	1.559517e+001	1.257067e+001
1.622593692146579e-006	1.562871e+001	1.267636e+001
1.630406192146579e-006	1.566028e+001	1.277951e+001
1.638218692146579e-006	1.568994e+001	1.288014e+001
1.646031192146579e-006	1.571774e+001	1.297827e+001
1.653843692146579e-006	1.574374e+001	1.307393e+001
1.661656192146579e-006	1.576800e+001	1.316713e+001
1.669468692146579e-006	1.579056e+001	1.325791e+001
1.685093692146579e-006	1.583082e+001	1.343229e+001
1.700718692146579e-006	1.586493e+001	1.359730e+001
1.716343692146579e-006	1.589331e+001	1.375318e+001
1.731968692146579e-006	1.591633e+001	1.390016e+001
1.755406192146578e-006	1.594162e+001	1.410451e+001
1.778843692146578e-006	1.595690e+001	1.429031e+001
1.802281192146578e-006	1.596326e+001	1.445848e+001
1.825718692146578e-006	1.596178e+001	1.460996e+001
1.848040120718007e-006	1.595233e+001	1.473758e+001
1.870361549289436e-006	1.593910e+001	1.485371e+001
1.892682977860865e-006	1.592208e+001	1.495834e+001
1.915004406432293e-006	1.590127e+001	1.505147e+001
1.937325835003722e-006	1.587668e+001	1.513310e+001
1.959647263575151e-006	1.584829e+001	1.520323e+001
1.981968692146580e-006	1.581613e+001	1.526186e+001
2.005406192146580e-006	1.578194e+001	1.531593e+001
2.028843692146581e-006	1.574622e+001	1.536103e+001
2.052281192146581e-006	1.570941e+001	1.539793e+001
2.067906192146582e-006	1.568447e+001	1.541835e+001
2.083531192146582e-006	1.565933e+001	1.543566e+001
2.099156192146583e-006	1.563410e+001	1.545006e+001
2.114781192146583e-006	1.560887e+001	1.546176e+001
2.130406192146583e-006	1.558372e+001	1.547094e+001
2.138218692146584e-006	1.557120e+001	1.547464e+001
2.146031192146584e-006	1.555872e+001	1.547778e+001
2.153843692146584e-006	1.554631e+001	1.548038e+001
2.161656192146584e-006	1.553396e+001	1.548246e+001
2.169468692146584e-006	1.552169e+001	1.548403e+001
2.177281192146584e-006	1.550949e+001	1.548513e+001
2.185093692146585e-006	1.549738e+001	1.548577e+001
2.192906192146585e-006	1.548537e+001	1.548596e+001
2.200718692146585e-006	1.547346e+001	1.548573e+001
2.208531192146585e-006	1.546165e+001	1.548510e+001
2.216343692146585e-006	1.544996e+001	1.548408e+001
2.224156192146586e-006	1.543838e+001	1.548270e+001
2.231968692146586e-006	1.542692e+001	1.548096e+001
2.239781192146586e-006	1.541559e+001	1.547888e+001
2.247593692146586e-006	1.540439e+001	1.547649e+001
2.255406192146586e-006	1.539333e+001	1.547379e+001
2.263218692146587e-006	1.538240e+001	1.547080e+001
2.271031192146587e-006	1.537161e+001	1.546754e+001
2.278843692146587e-006	1.536097e+001	1.546403e+001
2.286656192146587e-006	1.535048e+001	1.546026e+001
2.294468692146587e-006	1.534014e+001	1.545627e+001
2.302281192146587e-006	1.532995e+001	1.545205e+001
2.310093692146588e-006	1.531991e+001	1.544764e+001
2.317906192146588e-006	1.531003e+001	1.544303e+001
2.325718692146588e-006	1.530031e+001	1.543824e+001
2.333531192146588e-006	1.529075e+001	1.543328e+001
2.349156192146589e-006	1.527212e+001	1.542290e+001
2.364781192146589e-006	1.525413e+001	1.541198e+001
2.380406192146589e-006	1.523681e+001	1.540060e+001
2.396031192146590e-006	1.522015e+001	1.538883e+001
2.411656192146590e-006	1.520414e+001	1.537676e+001
2.419468692146590e-006	1.519639e+001	1.537063e+001
2.427281192146591e-006	1.518880e+001	1.536444e+001
2.435093692146591e-006	1.518137e+001	1.535821e+001
2.442906192146591e-006	1.517411e+001	1.535193e+001
2.450718692146591e-006	1.516701e+001	1.534563e+001
2.458531192146591e-006	1.516007e+001	1.533930e+001
2.466343692146591e-006	1.515329e+001	1.533296e+001
2.474156192146592e-006	1.514667e+001	1.532660e+001
2.481968692146592e-006	1.514021e+001	1.532023e+001
2.489781192146592e-006	1.513391e+001	1.531387e+001
2.497593692146592e-006	1.512776e+001	1.530751e+001
2.505406192146592e-006	1.512177e+001	1.530116e+001
2.513218692146593e-006	1.511592e+001	1.529482e+001
2.521031192146593e-006	1.511023e+001	1.528850e+001
2.528843692146593e-006	1.510469e+001	1.528221e+001
2.536656192146593e-006	1.509930e+001	1.527595e+001
2.544468692146593e-006	1.509405e+001	1.526972e+001
2.552281192146594e-006	1.508895e+001	1.526353e+001
2.560093692146594e-006	1.508399e+001	1.525737e+001
2.567906192146594e-006	1.507917e+001	1.525126e+001
2.575718692146594e-006	1.507449e+001	1.524520e+001
2.583531192146594e-006	1.506995e+001	1.523919e+001
2.591343692146595e-006	1.506554e+001	1.523323e+001
2.599156192146595e-006	1.506126e+001	1.522733e+001
2.606968692146595e-006	1.505712e+001	1.522149e+001
2.614781192146595e-006	1.505310e+001	1.521570e+001
2.622593692146595e-006	1.504921e+001	1.520999e+001
2.638218692146596e-006	1.504180e+001	1.519875e+001
2.653843692146596e-006	1.503487e+001	1.518779e+001
2.669468692146596e-006	1.502841e+001	1.517712e+001
2.685093692146597e-006	1.502239e+001	1.516675e+001
2.708531192146597e-006	1.501416e+001	1.515179e+001
2.731968692146598e-006	1.500684e+001	1.513756e+001
2.755406192146599e-006	1.500037e+001	1.512406e+001
2.771031192146599e-006	1.499650e+001	1.511548e+001
2.786656192146599e-006	1.499297e+001	1.510723e+001
2.802281192146600e-006	1.498975e+001	1.509931e+001
2.817906192146600e-006	1.498684e+001	1.509173e+001
2.825718692146600e-006	1.498549e+001	1.508806e+001
2.833531192146600e-006	1.498422e+001	1.508447e+001
2.841343692146601e-006	1.498301e+001	1.508097e+001
2.849156192146601e-006	1.498187e+001	1.507754e+001
2.856968692146601e-006	1.498079e+001	1.507420e+001
2.864781192146601e-006	1.497977e+001	1.507094e+001
2.880406192146602e-006	1.497792e+001	1.506465e+001
2.896031192146602e-006	1.497630e+001	1.505867e+001
2.911656192146602e-006	1.497489e+001	1.505299e+001
2.927281192146603e-006	1.497369e+001	1.504761e+001
2.950718692146603e-006	1.497223e+001	1.504009e+001
2.974156192146604e-006	1.497115e+001	1.503320e+001
2.997593692146604e-006	1.497042e+001	1.502692e+001
3.021031192146605e-006	1.497000e+001	1.502121e+001
3.044468692146606e-006	1.496991e+001	1.501611e+001
3.067906192146606e-006	1.497000e+001	1.501147e+001
3.091343692146607e-006	1.497026e+001	1.500726e+001
3.114781192146607e-006	1.497068e+001	1.500350e+001
3.138218692146608e-006	1.497128e+001	1.500018e+001
3.161656192146608e-006	1.497205e+001	1.499731e+001
3.185093692146609e-006	1.497299e+001	1.499489e+001
3.208531192146610e-006	1.497396e+001	1.499273e+001
3.231968692146610e-006	1.497500e+001	1.499089e+001
3.255406192146611e-006	1.497610e+001	1.498935e+001
3.278843692146611e-006	1.497724e+001	1.498807e+001
3.294468692146612e-006	1.497801e+001	1.498736e+001
3.310093692146612e-006	1.497879e+001	1.498675e+001
3.325718692146612e-006	1.497958e+001	1.498623e+001
3.341343692146613e-006	1.498037e+001	1.498581e+001
3.356968692146613e-006	1.498116e+001	1.498546e+001
3.364781192146613e-006	1.498155e+001	1.498532e+001
3.372593692146614e-006	1.498195e+001	1.498520e+001
3.380406192146614e-006	1.498234e+001	1.498509e+001
3.388218692146614e-006	1.498273e+001	1.498500e+001
3.396031192146614e-006	1.498312e+001	1.498493e+001
3.403843692146614e-006	1.498350e+001	1.498487e+001
3.411656192146614e-006	1.498388e+001	1.498483e+001
3.419468692146615e-006	1.498426e+001	1.498480e+001
3.427281192146615e-006	1.498464e+001	1.498479e+001
3.435093692146615e-006	1.498501e+001	1.498479e+001
3.442906192146615e-006	1.498539e+001	1.498481e+001
3.450718692146615e-006	1.498575e+001	1.498483e+001
3.458531192146616e-006	1.498612e+001	1.498487e+001
3.466343692146616e-006	1.498648e+001	1.498492e+001
3.474156192146616e-006	1.498683e+001	1.498498e+001
3.481968692146616e-006	1.498719e+001	1.498505e+001
3.489781192146616e-006	1.498754e+001	1.498513e+001
3.497593692146617e-006	1.498788e+001	1.498522e+001
3.505406192146617e-006	1.498822e+001	1.498532e+001
3.513218692146617e-006	1.498855e+001	1.498543e+001
3.521031192146617e-006	1.498888e+001	1.498554e+001
3.528843692146617e-006	1.498921e+001	1.498566e+001
3.536656192146617e-006	1.498953e+001	1.498579e+001
3.544468692146618e-006	1.498985e+001	1.498593e+001
3.552281192146618e-006	1.499016e+001	1.498607e+001
3.560093692146618e-006	1.499047e+001	1.498622e+001
3.567906192146618e-006	1.499077e+001	1.498637e+001
3.583531192146619e-006	1.499135e+001	1.498669e+001
3.599156192146619e-006	1.499192e+001	1.498703e+001
3.614781192146619e-006	1.499247e+001	1.498738e+001
3.630406192146620e-006	1.499300e+001	1.498775e+001
3.646031192146620e-006	1.499350e+001	1.498812e+001
3.661656192146621e-006	1.499399e+001	1.498851e+001
3.669468692146621e-006	1.499422e+001	1.498870e+001
3.677281192146621e-006	1.499445e+001	1.498890e+001
3.685093692146621e-006	1.499467e+001	1.498909e+001
3.692906192146621e-006	1.499489e+001	1.498929e+001
3.700718692146621e-006	1.499511e+001	1.498949e+001
3.708531192146622e-006	1.499532e+001	1.498969e+001
3.716343692146622e-006	1.499552e+001	1.498989e+001
3.724156192146622e-006	1.499572e+001	1.499009e+001
3.731968692146622e-006	1.499592e+001	1.499029e+001
3.739781192146622e-006	1.499611e+001	1.499049e+001
3.747593692146623e-006	1.499629e+001	1.499068e+001
3.755406192146623e-006	1.499647e+001	1.499088e+001
3.763218692146623e-006	1.499665e+001	1.499108e+001
3.771031192146623e-006	1.499682e+001	1.499128e+001
3.778843692146623e-006	1.499698e+001	1.499147e+001
3.786656192146624e-006	1.499714e+001	1.499167e+001
3.794468692146624e-006	1.499730e+001	1.499186e+001
3.802281192146624e-006	1.499745e+001	1.499205e+001
3.810093692146624e-006	1.499760e+001	1.499224e+001
3.817906192146624e-006	1.499775e+001	1.499243e+001
3.825718692146624e-006	1.499789e+001	1.499262e+001
3.833531192146624e-006	1.499802e+001	1.499280e+001
3.841343692146624e-006	1.499815e+001	1.499299e+001
3.849156192146625e-006	1.499828e+001	1.499317e+001
3.856968692146625e-006	1.499841e+001	1.499335e+001
3.872593692146625e-006	1.499864e+001	1.499370e+001
3.888218692146626e-006	1.499886e+001	1.499405e+001
3.903843692146626e-006	1.499907e+001	1.499438e+001
3.919468692146626e-006	1.499926e+001	1.499471e+001
3.942906192146627e-006	1.499952e+001	1.499518e+001
3.966343692146628e-006	1.499975e+001	1.499563e+001
3.989781192146628e-006	1.499996e+001	1.499606e+001
4.013218692146629e-006	1.500014e+001	1.499646e+001
4.035540120718057e-006	1.500029e+001	1.499682e+001
4.057861549289487e-006	1.500042e+001	1.499716e+001
4.080182977860916e-006	1.500054e+001	1.499748e+001
4.102504406432345e-006	1.500063e+001	1.499778e+001
4.124825835003774e-006	1.500072e+001	1.499806e+001
4.147147263575204e-006	1.500078e+001	1.499832e+001
4.169468692146632e-006	1.500083e+001	1.499855e+001
4.194022263575205e-006	1.500088e+001	1.499879e+001
4.218575835003776e-006	1.500091e+001	1.499901e+001
4.243129406432349e-006	1.500093e+001	1.499922e+001
4.267682977860920e-006	1.500094e+001	1.499940e+001
4.292236549289493e-006	1.500095e+001	1.499956e+001
4.316790120718065e-006	1.500094e+001	1.499971e+001
4.341343692146637e-006	1.500093e+001	1.499984e+001
4.367013335003780e-006	1.500090e+001	1.499995e+001
4.392682977860923e-006	1.500088e+001	1.500005e+001
4.418352620718067e-006	1.500085e+001	1.500014e+001
4.444022263575211e-006	1.500082e+001	1.500022e+001
4.469691906432354e-006	1.500078e+001	1.500029e+001
4.495361549289498e-006	1.500075e+001	1.500034e+001
4.521031192146641e-006	1.500071e+001	1.500038e+001
4.536656192146641e-006	1.500068e+001	1.500040e+001
4.552281192146642e-006	1.500066e+001	1.500042e+001
4.567906192146642e-006	1.500063e+001	1.500043e+001
4.583531192146643e-006	1.500061e+001	1.500045e+001
4.599156192146643e-006	1.500058e+001	1.500046e+001
4.606968692146643e-006	1.500057e+001	1.500046e+001
4.614781192146643e-006	1.500056e+001	1.500047e+001
4.622593692146643e-006	1.500055e+001	1.500047e+001
4.630406192146644e-006	1.500053e+001	1.500047e+001
4.638218692146644e-006	1.500052e+001	1.500047e+001
4.646031192146644e-006	1.500051e+001	1.500047e+001
4.653843692146644e-006	1.500050e+001	1.500047e+001
4.661656192146644e-006	1.500049e+001	1.500048e+001
4.669468692146645e-006	1.500047e+001	1.500048e+001
4.677281192146645e-006	1.500046e+001	1.500048e+001
4.685093692146645e-006	1.500045e+001	1.500047e+001
4.692906192146645e-006	1.500044e+001	1.500047e+001
4.700718692146645e-006	1.500043e+001	1.500047e+001
4.708531192146646e-006	1.500042e+001	1.500047e+001
4.716343692146646e-006	1.500041e+001	1.500047e+001
4.724156192146646e-006	1.500039e+001	1.500047e+001
4.731968692146646e-006	1.500038e+001	1.500046e+001
4.739781192146646e-006	1.500037e+001	1.500046e+001
4.747593692146647e-006	1.500036e+001	1.500046e+001
4.755406192146647e-006	1.500035e+001	1.500045e+001
4.763218692146647e-006	1.500034e+001	1.500045e+001
4.771031192146647e-006	1.500033e+001	1.500045e+001
4.778843692146647e-006	1.500032e+001	1.500044e+001
4.786656192146647e-006	1.500031e+001	1.500044e+001
4.794468692146648e-006	1.500030e+001	1.500043e+001
4.802281192146648e-006	1.500029e+001	1.500043e+001
4.817906192146648e-006	1.500027e+001	1.500042e+001
4.833531192146649e-006	1.500026e+001	1.500041e+001
4.849156192146649e-006	1.500024e+001	1.500040e+001
4.864781192146649e-006	1.500022e+001	1.500039e+001
4.888218692146650e-006	1.500020e+001	1.500037e+001
4.911656192146650e-006	1.500018e+001	1.500035e+001
4.927281192146651e-006	1.500016e+001	1.500034e+001
4.942906192146651e-006	1.500015e+001	1.500033e+001
4.958531192146652e-006	1.500014e+001	1.500031e+001
4.974156192146652e-006	1.500012e+001	1.500030e+001
4.981968692146652e-006	1.500012e+001	1.500029e+001
4.989781192146652e-006	1.500011e+001	1.500029e+001
4.997593692146653e-006	1.500011e+001	1.500028e+001
5.005406192146653e-006	1.500010e+001	1.500028e+001
5.013218692146653e-006	1.500010e+001	1.500027e+001
5.021031192146653e-006	1.500009e+001	1.500026e+001
5.028843692146653e-006	1.500009e+001	1.500026e+001
5.036656192146654e-006	1.500008e+001	1.500025e+001
5.044468692146654e-006	1.500008e+001	1.500025e+001
5.052281192146654e-006	1.500007e+001	1.500024e+001
5.060093692146654e-006	1.500007e+001	1.500023e+001
5.067906192146654e-006	1.500006e+001	1.500023e+001
5.075718692146654e-006	1.500006e+001	1.500022e+001
5.083531192146655e-006	1.500006e+001	1.500022e+001
5.099156192146655e-006	1.500005e+001	1.500021e+001
5.114781192146655e-006	1.500004e+001	1.500019e+001
5.130406192146656e-006	1.500003e+001	1.500018e+001
5.146031192146656e-006	1.500003e+001	1.500017e+001
5.169468692146657e-006	1.500002e+001	1.500016e+001
5.192906192146657e-006	1.500001e+001	1.500014e+001
5.216343692146658e-006	1.500000e+001	1.500013e+001
5.239781192146658e-006	1.500000e+001	1.500012e+001
5.262102620718087e-006	1.499999e+001	1.500011e+001
5.284424049289517e-006	1.499999e+001	1.500009e+001
5.306745477860946e-006	1.499998e+001	1.500008e+001
5.329066906432375e-006	1.499998e+001	1.500007e+001
5.351388335003804e-006	1.499998e+001	1.500007e+001
5.373709763575234e-006	1.499998e+001	1.500006e+001
5.396031192146662e-006	1.499997e+001	1.500005e+001
5.421700835003806e-006	1.499997e+001	1.500004e+001
5.447370477860949e-006	1.499997e+001	1.500003e+001
5.473040120718092e-006	1.499997e+001	1.500003e+001
5.498709763575237e-006	1.499997e+001	1.500002e+001
5.524379406432380e-006	1.499997e+001	1.500001e+001
5.550049049289523e-006	1.499997e+001	1.500001e+001
5.575718692146667e-006	1.499997e+001	1.500001e+001
5.602504406432382e-006	1.499997e+001	1.500000e+001
5.629290120718096e-006	1.499997e+001	1.500000e+001
5.656075835003811e-006	1.499997e+001	1.500000e+001
5.682861549289527e-006	1.499997e+001	1.499999e+001
5.709647263575242e-006	1.499998e+001	1.499999e+001
5.736432977860956e-006	1.499998e+001	1.499999e+001
5.763218692146671e-006	1.499998e+001	1.499999e+001
5.786656192146672e-006	1.499998e+001	1.499999e+001
5.802281192146672e-006	1.499998e+001	1.499999e+001
5.817906192146673e-006	1.499998e+001	1.499999e+001
5.833531192146673e-006	1.499998e+001	1.499999e+001
5.849156192146673e-006	1.499998e+001	1.499999e+001
5.864781192146674e-006	1.499998e+001	1.499999e+001
5.880406192146674e-006	1.499998e+001	1.499998e+001
5.888218692146674e-006	1.499998e+001	1.499998e+001
5.896031192146674e-006	1.499998e+001	1.499998e+001
5.903843692146675e-006	1.499998e+001	1.499998e+001
5.911656192146675e-006	1.499999e+001	1.499998e+001
5.919468692146675e-006	1.499999e+001	1.499998e+001
5.927281192146675e-006	1.499999e+001	1.499998e+001
5.942906192146676e-006	1.499999e+001	1.499999e+001
5.958531192146676e-006	1.499999e+001	1.499999e+001
5.966343692146676e-006	1.499999e+001	1.499999e+001
5.974156192146676e-006	1.499999e+001	1.499999e+001
5.981968692146677e-006	1.499999e+001	1.499999e+001
5.989781192146677e-006	1.499999e+001	1.499999e+001
5.997593692146677e-006	1.499999e+001	1.499999e+001
6.005406192146677e-006	1.499999e+001	1.499999e+001
6.021031192146677e-006	1.499999e+001	1.499999e+001
6.036656192146678e-006	1.499999e+001	1.499999e+001
6.050000000000001e-006	1.499999e+001	1.499999e+001
6.050008617158287e-006	1.499998e+001	1.499999e+001
6.050025851474859e-006	1.499996e+001	1.499999e+001
6.050038956467326e-006	1.499993e+001	1.499999e+001
6.050051865307658e-006	1.499989e+001	1.499999e+001
6.050069626113234e-006	1.499982e+001	1.499999e+001
6.050087123625369e-006	1.499973e+001	1.499999e+001
6.050104519652519e-006	1.499963e+001	1.499999e+001
6.050121296859715e-006	1.499952e+001	1.499999e+001
6.050151279493081e-006	1.499927e+001	1.499999e+001
6.050187485537586e-006	1.499893e+001	1.499999e+001
6.050241736932792e-006	1.499832e+001	1.499999e+001
6.050301199238372e-006	1.499756e+001	1.499999e+001
6.050346782308376e-006	1.499690e+001	1.499998e+001
6.050402201644628e-006	1.499604e+001	1.499998e+001
6.050462525241441e-006	1.499502e+001	1.499998e+001
6.050563958067461e-006	1.499317e+001	1.499998e+001
6.050690551790312e-006	1.499069e+001	1.499998e+001
6.050883091361578e-006	1.498663e+001	1.499996e+001
6.051141294831866e-006	1.498075e+001	1.499994e+001
6.051542793274239e-006	1.497077e+001	1.499990e+001
6.052122529097657e-006	1.495477e+001	1.499979e+001
6.052986415870522e-006	1.492783e+001	1.499954e+001
6.054160011268700e-006	1.488591e+001	1.499902e+001
6.055792227382024e-006	1.481867e+001	1.499786e+001
6.058019719566837e-006	1.471282e+001	1.499535e+001
6.061197859955067e-006	1.453976e+001	1.498969e+001
6.065472843371218e-006	1.427585e+001	1.497777e+001
6.071329209555288e-006	1.387036e+001	1.495259e+001
6.079141709555288e-006	1.327256e+001	1.490344e+001
6.086954209555288e-006	1.262406e+001	1.483721e+001
6.092187500000001e-006	1.215668e+001	1.477986e+001
6.100000000000000e-006	1.142454e+001	1.467971e+001
6.100781250000000e-006	1.136271e+001	1.466796e+001
6.102343750000000e-006	1.124927e+001	1.464400e+001
6.105468750000000e-006	1.105218e+001	1.459419e+001
6.111718750000000e-006	1.071416e+001	1.448976e+001
6.117906189663050e-006	1.042217e+001	1.438116e+001
6.125718689663051e-006	1.008739e+001	1.423739e+001
6.133531189663051e-006	9.768297e+000	1.408762e+001
6.141343689663051e-006	9.458351e+000	1.393213e+001
6.149156189663051e-006	9.154707e+000	1.377138e+001
6.164781189663052e-006	8.563738e+000	1.343563e+001
6.180406189663052e-006	7.993840e+000	1.308317e+001
6.196031189663052e-006	7.445014e+000	1.271659e+001
6.211656189663053e-006	6.917314e+000	1.233829e+001
6.227281189663053e-006	6.410729e+000	1.195051e+001
6.235093689663053e-006	6.165334e+000	1.175373e+001
6.242906189663054e-006	5.925183e+000	1.155535e+001
6.250718689663054e-006	5.690257e+000	1.135561e+001
6.258531189663054e-006	5.460533e+000	1.115473e+001
6.266343689663054e-006	5.235983e+000	1.095294e+001
6.274156189663054e-006	5.016578e+000	1.075046e+001
6.281968689663054e-006	4.802284e+000	1.054747e+001
6.289781189663055e-006	4.593066e+000	1.034417e+001
6.297593689663055e-006	4.388885e+000	1.014076e+001
6.305406189663055e-006	4.189699e+000	9.937412e+000
6.313218689663055e-006	3.995464e+000	9.734292e+000
6.321031189663055e-006	3.806134e+000	9.531565e+000
6.328843689663056e-006	3.621661e+000	9.329389e+000
6.336656189663056e-006	3.441993e+000	9.127911e+000
6.344468689663056e-006	3.267080e+000	8.927274e+000
6.352281189663056e-006	3.096865e+000	8.727612e+000
6.360093689663056e-006	2.931293e+000	8.529055e+000
6.367906189663057e-006	2.770307e+000	8.331723e+000
6.375718689663057e-006	2.613847e+000	8.135734e+000
6.383531189663057e-006	2.461854e+000	7.941195e+000
6.391343689663057e-006	2.314266e+000	7.748212e+000
6.399156189663057e-006	2.171020e+000	7.556881e+000
6.406968689663057e-006	2.032052e+000	7.367296e+000
6.414781189663058e-006	1.897298e+000	7.179543e+000
6.422593689663058e-006	1.766692e+000	6.993705e+000
6.430406189663058e-006	1.640168e+000	6.809856e+000
6.446031189663058e-006	1.399100e+000	6.448412e+000
6.461656189663059e-006	1.173552e+000	6.095726e+000
6.477281189663059e-006	9.629760e-001	5.752241e+000
6.492906189663060e-006	7.668217e-001	5.418333e+000
6.500718689663060e-006	6.739797e-001	5.255070e+000
6.508531189663060e-006	5.845355e-001	5.094313e+000
6.516343689663060e-006	4.984198e-001	4.936092e+000
6.524156189663060e-006	4.155638e-001	4.780434e+000
6.531968689663061e-006	3.358986e-001	4.627360e+000
6.539781189663061e-006	2.593555e-001	4.476893e+000
6.547593689663061e-006	1.858663e-001	4.329048e+000
6.555406189663061e-006	1.153628e-001	4.183838e+000
6.563218689663061e-006	4.777753e-002	4.041276e+000
6.571031189663061e-006	-1.695689e-002	3.901368e+000
6.578843689663062e-006	-7.890723e-002	3.764122e+000
6.586656189663062e-006	-1.381398e-001	3.629539e+000
6.594468689663062e-006	-1.947204e-001	3.497621e+000
6.602281189663062e-006	-2.487143e-001	3.368366e+000
6.610093689663062e-006	-3.001860e-001	3.241770e+000
6.617906189663063e-006	-3.491998e-001	3.117828e+000
6.625718689663063e-006	-3.958189e-001	2.996531e+000
6.633531189663063e-006	-4.401060e-001	2.877870e+000
6.641343689663063e-006	-4.821233e-001	2.761833e+000
6.649156189663063e-006	-5.219319e-001	2.648407e+000
6.656968689663064e-006	-5.595925e-001	2.537576e+000
6.664781189663064e-006	-5.951650e-001	2.429325e+000
6.672593689663064e-006	-6.287081e-001	2.323635e+000
6.680406189663064e-006	-6.602804e-001	2.220486e+000
6.688218689663064e-006	-6.899391e-001	2.119858e+000
6.696031189663065e-006	-7.177408e-001	2.021728e+000
6.703843689663065e-006	-7.437413e-001	1.926074e+000
6.711656189663065e-006	-7.679955e-001	1.832871e+000
6.719468689663065e-006	-7.905575e-001	1.742093e+000
6.735093689663065e-006	-8.308164e-001	1.567708e+000
6.750718689663066e-006	-8.649330e-001	1.402696e+000
6.766343689663066e-006	-8.933077e-001	1.246823e+000
6.781968689663067e-006	-9.163268e-001	1.099845e+000
6.805406189663067e-006	-9.416226e-001	8.954936e-001
6.821031189663068e-006	-9.528468e-001	7.696199e-001
6.836656189663068e-006	-9.599530e-001	6.517196e-001
6.852281189663068e-006	-9.632623e-001	5.415183e-001
6.867906189663069e-006	-9.630814e-001	4.387389e-001
6.883531189663069e-006	-9.597033e-001	3.431028e-001
6.891343689663069e-006	-9.569031e-001	2.978761e-001
6.899156189663069e-006	-9.534071e-001	2.543305e-001
6.906968689663070e-006	-9.492481e-001	2.124313e-001
6.914781189663070e-006	-9.444580e-001	1.721437e-001
6.922593689663070e-006	-9.390680e-001	1.334331e-001
6.930406189663070e-006	-9.331081e-001	9.626492e-002
6.938218689663070e-006	-9.266080e-001	6.060494e-002
6.946031189663071e-006	-9.195962e-001	2.641901e-002
6.953843689663071e-006	-9.121007e-001	-6.326809e-003
6.961656189663071e-006	-9.041485e-001	-3.766622e-002
6.969468689663071e-006	-8.957660e-001	-6.763268e-002
6.977281189663071e-006	-8.869786e-001	-9.625941e-002
6.985093689663072e-006	-8.778113e-001	-1.235793e-001
6.992906189663072e-006	-8.682880e-001	-1.496250e-001
7.000718689663072e-006	-8.584322e-001	-1.744288e-001
7.008531189663072e-006	-8.482664e-001	-1.980228e-001
7.016343689663072e-006	-8.378125e-001	-2.204385e-001
7.031968689663073e-006	-8.161250e-001	-2.618601e-001
7.047593689663073e-006	-7.935314e-001	-2.989397e-001
7.063218689663073e-006	-7.701830e-001	-3.319172e-001
7.078843689663074e-006	-7.462208e-001	-3.610260e-001
7.102281189663074e-006	-7.094113e-001	-3.979301e-001
7.117906189663075e-006	-6.844687e-001	-4.183450e-001
7.133531189663075e-006	-6.593319e-001	-4.356550e-001
7.149156189663076e-006	-6.341007e-001	-4.500623e-001
7.164781189663076e-006	-6.088673e-001	-4.617621e-001
7.172593689663076e-006	-5.962764e-001	-4.666555e-001
7.180406189663076e-006	-5.837160e-001	-4.709418e-001
7.188218689663076e-006	-5.711956e-001	-4.746434e-001
7.196031189663077e-006	-5.587240e-001	-4.777821e-001
7.203843689663077e-006	-5.463098e-001	-4.803793e-001
7.211656189663077e-006	-5.339611e-001	-4.824560e-001
7.219468689663077e-006	-5.216856e-001	-4.840326e-001
7.227281189663077e-006	-5.094907e-001	-4.851292e-001
7.235093689663078e-006	-4.973834e-001	-4.857655e-001
7.242906189663078e-006	-4.853701e-001	-4.859605e-001
7.250718689663078e-006	-4.734572e-001	-4.857329e-001
7.258531189663078e-006	-4.616504e-001	-4.851012e-001
7.266343689663078e-006	-4.499553e-001	-4.840830e-001
7.274156189663079e-006	-4.383771e-001	-4.826958e-001
7.281968689663079e-006	-4.269207e-001	-4.809566e-001
7.289781189663079e-006	-4.155905e-001	-4.788818e-001
7.297593689663079e-006	-4.043909e-001	-4.764877e-001
7.305406189663079e-006	-3.933258e-001	-4.737899e-001
7.313218689663080e-006	-3.823989e-001	-4.708038e-001
7.321031189663080e-006	-3.716136e-001	-4.675441e-001
7.328843689663080e-006	-3.609730e-001	-4.640254e-001
7.336656189663080e-006	-3.504800e-001	-4.602618e-001
7.344468689663080e-006	-3.401372e-001	-4.562669e-001
7.352281189663080e-006	-3.299471e-001	-4.520541e-001
7.360093689663081e-006	-3.199117e-001	-4.476362e-001
7.367906189663081e-006	-3.100331e-001	-4.430259e-001
7.375718689663081e-006	-3.003128e-001	-4.382352e-001
7.383531189663081e-006	-2.907525e-001	-4.332760e-001
7.399156189663082e-006	-2.721167e-001	-4.228973e-001
7.414781189663082e-006	-2.541337e-001	-4.119772e-001
7.430406189663082e-006	-2.368090e-001	-4.005974e-001
7.446031189663083e-006	-2.201451e-001	-3.888343e-001
7.461656189663083e-006	-2.041424e-001	-3.767593e-001
7.469468689663083e-006	-1.963884e-001	-3.706257e-001
7.477281189663084e-006	-1.887987e-001	-3.644387e-001
7.485093689663084e-006	-1.813729e-001	-3.582059e-001
7.492906189663084e-006	-1.741102e-001	-3.519343e-001
7.500718689663084e-006	-1.670099e-001	-3.456312e-001
7.508531189663084e-006	-1.600710e-001	-3.393031e-001
7.516343689663084e-006	-1.532926e-001	-3.329567e-001
7.524156189663085e-006	-1.466735e-001	-3.265979e-001
7.531968689663085e-006	-1.402126e-001	-3.202329e-001
7.539781189663085e-006	-1.339086e-001	-3.138673e-001
7.547593689663085e-006	-1.277602e-001	-3.075065e-001
7.555406189663085e-006	-1.217660e-001	-3.011558e-001
7.563218689663086e-006	-1.159245e-001	-2.948201e-001
7.571031189663086e-006	-1.102341e-001	-2.885042e-001
7.578843689663086e-006	-1.046932e-001	-2.822126e-001
7.586656189663086e-006	-9.930009e-002	-2.759497e-001
7.594468689663086e-006	-9.405313e-002	-2.697196e-001
7.602281189663087e-006	-8.895051e-002	-2.635262e-001
7.610093689663087e-006	-8.399038e-002	-2.573731e-001
7.617906189663087e-006	-7.917088e-002	-2.512639e-001
7.625718689663087e-006	-7.449012e-002	-2.452020e-001
7.633531189663086e-006	-6.994613e-002	-2.391904e-001
7.641343689663086e-006	-6.553694e-002	-2.332322e-001
7.649156189663085e-006	-6.126053e-002	-2.273301e-001
7.656968689663084e-006	-5.711488e-002	-2.214868e-001
7.664781189663084e-006	-5.309793e-002	-2.157048e-001
7.672593689663083e-006	-4.920758e-002	-2.099862e-001
7.688218689663082e-006	-4.179829e-002	-1.987482e-001
7.703843689663081e-006	-3.487002e-002	-1.877884e-001
7.719468689663079e-006	-2.840561e-002	-1.771200e-001
7.735093689663078e-006	-2.238777e-002	-1.667541e-001
7.750718689663077e-006	-1.679919e-002	-1.567000e-001
7.758531189663076e-006	-1.416046e-002	-1.517923e-001
7.766343689663075e-006	-1.162255e-002	-1.469652e-001
7.774156189663075e-006	-9.183323e-003	-1.422194e-001
7.781968689663074e-006	-6.840630e-003	-1.375554e-001
7.789781189663073e-006	-4.592338e-003	-1.329737e-001
7.797593689663073e-006	-2.436324e-003	-1.284747e-001
7.805406189663072e-006	-3.704780e-004	-1.240587e-001
7.813218689663071e-006	1.607298e-003	-1.197259e-001
7.821031189663071e-006	3.499085e-003	-1.154765e-001
7.828843689663070e-006	5.306951e-003	-1.113104e-001
7.836656189663069e-006	7.032945e-003	-1.072277e-001
7.844468689663069e-006	8.679099e-003	-1.032283e-001
7.852281189663068e-006	1.024743e-002	-9.931202e-002
7.860093689663067e-006	1.173992e-002	-9.547866e-002
7.867906189663067e-006	1.315855e-002	-9.172793e-002
7.875718689663066e-006	1.450527e-002	-8.805950e-002
7.883531189663065e-006	1.578201e-002	-8.447297e-002
7.891343689663065e-006	1.699068e-002	-8.096790e-002
7.899156189663064e-006	1.813315e-002	-7.754377e-002
7.906968689663063e-006	1.921128e-002	-7.420006e-002
7.914781189663063e-006	2.022692e-002	-7.093617e-002
7.930406189663061e-006	2.207789e-002	-6.464527e-002
7.946031189663060e-006	2.370023e-002	-5.866554e-002
7.961656189663059e-006	2.510766e-002	-5.299086e-002
7.977281189663058e-006	2.631349e-002	-4.761463e-002
7.992906189663056e-006	2.733158e-002	-4.252815e-002
8.000000000000000e-006	-1.#IND00e+000	-1.#IND00e+000
